D4,45,Lake,2010,4502401,"CHINA KING","2870 DAVID WALKER DR",EUSTIS,32726,2540488,1,Food,"Routine - Food","Inspection Completed - No Further Action",06/29/2016,,,15,3,1,11,Y,0,1,1,0,0,0,0,3,0,0,0,0,0,5,0,0,0,0,0,0,0,0,3,0,0,0,0,0,0,0,1,0,0,0,0,0,0,0,0,1,0,0,0,0,0,0,0,0,0,0,0,0,0,0,0,0,0,0,6086991,5697021
D4,45,Lake,2010,4502401,"CHINA KING","2870 DAVID WALKER DR",EUSTIS,32726,2528388,1,Food,"Routine - Food","Warning Issued",07/27/2015,,,11,2,3,6,Y,0,0,2,0,0,0,0,0,0,1,1,0,0,2,0,0,0,0,0,0,0,1,0,0,0,0,0,0,1,0,2,0,0,0,0,0,0,0,0,0,0,1,0,0,0,0,0,0,0,0,0,0,0,0,0,0,0,0,6086991,5652783
D4,45,Lake,2010,4507713,"NO 1 WOK","1080 E HWY 50",CLERMONT,34711,2509308,1,Food,"Routine - Food","Inspection Completed - No Further Action",08/12/2015,,,6,0,1,5,Y,0,1,0,0,0,0,0,2,0,0,0,0,0,1,0,0,0,0,0,0,1,0,0,0,0,0,0,0,0,0,0,0,0,0,0,1,0,0,0,0,0,0,0,0,0,0,0,0,0,0,0,0,0,0,0,0,0,0,3918945,5624294
D4,45,Lake,2010,4507713,"NO 1 WOK","1080 E HWY 50",CLERMONT,34711,2544028,1,Food,"Routine - Food","Inspection Completed - No Further Action",05/11/2016,,,15,2,1,12,Y,0,1,1,0,0,1,0,4,0,0,0,0,0,2,0,0,0,0,0,0,1,0,1,0,1,0,0,0,0,0,0,0,0,0,0,1,0,0,0,1,0,1,0,0,0,0,0,0,0,0,0,0,0,0,0,0,0,0,3918945,5710767
D4,45,Lake,2010,4508147,"STEAK N SHAKE #332","10650 US HWY 441",LEESBURG,34788,2579971,1,Food,"Complaint Full","Warning Issued",04/11/2016,,,20,2,6,12,Y,0,0,0,0,1,0,0,1,0,0,0,0,0,2,0,2,0,0,0,0,0,3,2,0,0,0,0,0,1,0,1,0,2,0,0,4,0,0,0,0,0,0,0,0,0,0,0,0,0,0,0,0,1,0,0,0,0,0,2193607,5863192
D4,45,Lake,2010,4508147,"STEAK N SHAKE #332","10650 US HWY 441",LEESBURG,34788,2496127,2,Food,"Routine - Food","Call Back - Admin. complaint recommended",09/18/2015,,,7,1,1,5,Y,0,0,1,0,0,0,0,0,0,0,0,0,0,0,0,1,0,0,0,0,0,1,0,0,0,0,0,0,0,0,0,0,0,0,0,4,0,0,0,0,0,0,0,0,0,0,0,0,0,0,0,0,0,0,0,0,0,0,2193607,5737545
D4,45,Lake,2010,4508147,"STEAK N SHAKE #332","10650 US HWY 441",LEESBURG,34788,2579971,2,Food,"Complaint Full","Call Back - Complied",04/19/2016,,,6,0,2,4,Y,0,0,0,0,0,0,0,0,0,0,0,0,0,1,0,0,0,0,0,0,0,1,0,0,0,0,0,0,0,0,0,0,0,0,0,3,0,0,0,0,0,0,0,0,0,0,0,0,0,0,0,0,1,0,0,0,0,0,2193607,5865020
D4,45,Lake,2010,4508147,"STEAK N SHAKE #332","10650 US HWY 441",LEESBURG,34788,2576827,2,Food,"Complaint Full","Call Back - Complied",02/26/2016,,,3,0,0,3,Y,0,0,0,0,1,0,0,0,0,0,0,0,0,1,0,0,0,0,0,0,0,0,0,0,1,0,0,0,0,0,0,0,0,0,0,0,0,0,0,0,0,0,0,0,0,0,0,0,0,0,0,0,0,0,0,0,0,0,2193607,5839846
D4,45,Lake,2010,4508147,"STEAK N SHAKE #332","10650 US HWY 441",LEESBURG,34788,2576827,1,Food,"Complaint Full","Administrative complaint recommended",02/25/2016,,,33,3,6,24,Y,0,1,1,0,2,0,0,3,0,0,0,0,0,2,0,2,0,0,0,0,0,4,6,0,2,0,0,0,0,0,1,0,2,0,0,4,0,0,0,1,1,0,0,0,0,0,0,0,0,0,0,0,1,0,0,0,0,0,2193607,5839287
D4,45,Lake,2010,4508147,"STEAK N SHAKE #332","10650 US HWY 441",LEESBURG,34788,2496127,1,Food,"Routine - Food","Administrative complaint recommended",09/17/2015,,,24,3,5,16,Y,0,0,2,0,0,0,0,1,0,1,1,1,0,0,0,2,0,0,0,0,0,5,1,1,1,0,0,0,0,0,0,0,0,0,0,7,0,0,0,0,0,1,0,0,0,0,0,0,0,0,0,0,0,0,0,0,0,0,2193607,5602010
D4,45,Lake,2010,4508147,"STEAK N SHAKE #332","10650 US HWY 441",LEESBURG,34788,2559227,1,Food,"Complaint Full","Inspection Completed - No Further Action",10/29/2015,,,11,0,1,10,Y,0,0,0,0,0,0,0,0,0,0,0,0,0,1,0,1,0,0,0,0,1,2,1,0,0,0,0,0,1,0,0,0,0,0,0,4,0,0,0,0,0,0,0,0,0,0,0,0,0,0,0,0,0,0,0,0,0,0,2193607,5766624
D4,45,Lake,2010,4508148,"JAMES BARBEQUE","262 EAST ORANGE STREET",GROVELAND,34736,2578927,1,Food,"Food-Licensing Inspection","Inspection Completed - No Further Action",04/01/2016,,,3,0,0,3,Y,0,0,0,0,0,0,0,0,0,0,0,0,0,0,0,0,0,0,0,0,0,0,0,0,1,0,0,0,0,0,0,1,0,0,0,0,0,0,0,0,0,0,0,0,0,0,0,0,0,0,1,0,0,0,0,0,0,0,6382865,5855247
D4,45,Lake,2010,4508152,"RUBY TUESDAY #7163","1168 MAIN STREET","LADY LAKE",32159,2583812,3,Food,"Complaint Full","Call Back - Complied",06/09/2016,,,0,0,0,0,Y,0,0,0,0,0,0,0,0,0,0,0,0,0,0,0,0,0,0,0,0,0,0,0,0,0,0,0,0,0,0,0,0,0,0,0,0,0,0,0,0,0,0,0,0,0,0,0,0,0,0,0,0,0,0,0,0,0,0,2342770,5898705
D4,45,Lake,2010,4508152,"RUBY TUESDAY #7163","1168 MAIN STREET","LADY LAKE",32159,2583812,2,Food,"Complaint Full","Call Back - Extension given, pending",06/08/2016,,,3,2,0,1,Y,0,0,1,0,0,0,0,0,0,0,0,0,0,1,0,0,0,0,0,0,0,1,0,0,0,0,0,0,0,0,0,0,0,0,0,0,0,0,0,0,0,0,0,0,0,0,0,0,0,0,0,0,0,0,0,0,0,0,2342770,5897887
D4,45,Lake,2010,4508152,"RUBY TUESDAY #7163","1168 MAIN STREET","LADY LAKE",32159,2562060,1,Food,"Routine - Food","Inspection Completed - No Further Action",03/09/2016,,,4,1,0,3,Y,0,0,0,0,0,0,0,1,0,0,0,1,0,0,0,0,0,0,0,0,0,0,0,0,0,0,0,0,0,0,0,0,0,0,0,1,0,0,0,0,1,0,0,0,0,0,0,0,0,0,0,0,0,0,0,0,0,0,2342770,5777107
D4,45,Lake,2010,4508152,"RUBY TUESDAY #7163","1168 MAIN STREET","LADY LAKE",32159,2583812,1,Food,"Complaint Full","Warning Issued",06/07/2016,,,8,4,0,4,Y,0,0,1,0,0,0,0,1,0,0,0,0,0,2,0,1,0,0,0,0,0,1,0,1,0,0,0,0,1,0,0,0,0,0,0,0,0,0,0,0,0,0,0,0,0,0,0,0,0,0,0,0,0,0,0,0,0,0,2342770,5897156
D4,45,Lake,2010,4508152,"RUBY TUESDAY #7163","1168 MAIN STREET","LADY LAKE",32159,2503729,1,Food,"Routine - Food","Inspection Completed - No Further Action",11/09/2015,,,7,4,2,1,Y,0,0,0,0,0,0,0,0,0,0,0,1,0,1,0,0,0,0,0,0,0,2,0,0,0,0,0,0,0,0,0,0,0,0,0,0,0,0,0,0,2,0,0,0,0,0,0,0,0,0,0,0,1,0,0,0,0,0,2342770,5616079
D4,45,Lake,2010,4508157,"SUBWAY #27790","4319 S HWY 27",CLERMONT,34711,2508365,1,Food,"Routine - Food","Inspection Completed - No Further Action",03/17/2016,,,3,1,0,2,Y,0,0,0,0,0,0,0,1,0,0,0,0,0,0,0,0,0,0,0,0,0,0,1,0,0,0,0,0,0,0,0,0,0,0,0,0,0,0,0,0,1,0,0,0,0,0,0,0,0,0,0,0,0,0,0,0,0,0,3832740,5622938
D4,45,Lake,2010,4508158,"DEL FRANCO'S PIZZA","31436 COUNTY RD 437",SORRENTO,32776,2549014,1,Food,"Routine - Food","Inspection Completed - No Further Action",02/16/2016,,,10,3,4,3,Y,0,1,1,0,0,0,0,1,0,0,0,0,0,1,0,1,0,0,0,0,1,0,0,0,1,0,0,0,0,0,2,0,0,0,0,0,0,0,0,0,1,0,0,0,1,0,0,0,0,0,0,0,0,0,0,0,0,0,6168008,5728660
D4,45,Lake,2010,4508158,"DEL FRANCO'S PIZZA","31436 COUNTY RD 437",SORRENTO,32776,2535021,1,Food,"Routine - Food","Warning Issued",09/03/2015,,,9,1,4,4,Y,0,0,0,0,2,0,0,0,0,0,0,0,0,0,0,1,0,0,0,0,0,0,0,0,0,0,1,0,1,0,2,0,0,0,0,0,0,0,0,0,0,0,0,0,0,0,0,0,0,0,1,0,1,0,0,0,0,0,6168008,5678591
D4,45,Lake,2010,4508158,"DEL FRANCO'S PIZZA","31436 COUNTY RD 437",SORRENTO,32776,2535021,2,Food,"Routine - Food","Call Back - Extension given, pending",11/03/2015,,,3,1,1,1,Y,0,0,0,0,0,0,0,0,0,0,0,0,0,0,0,0,0,0,0,0,0,0,0,0,0,0,1,0,1,0,0,0,0,0,0,0,0,0,0,0,0,0,0,0,0,0,0,0,0,0,0,0,1,0,0,0,0,0,6168008,5728108
D4,45,Lake,2010,4508158,"DEL FRANCO'S PIZZA","31436 COUNTY RD 437",SORRENTO,32776,2535021,3,Food,"Routine - Food","Call Back - Complied",11/10/2015,,,0,0,0,0,Y,0,0,0,0,0,0,0,0,0,0,0,0,0,0,0,0,0,0,0,0,0,0,0,0,0,0,0,0,0,0,0,0,0,0,0,0,0,0,0,0,0,0,0,0,0,0,0,0,0,0,0,0,0,0,0,0,0,0,6168008,5772712
D4,45,Lake,2010,4508159,"MCDONALD'S #24078","27422 US HWY 27",LEESBURG,34748,2511055,1,Food,"Routine - Food","Inspection Completed - No Further Action",05/10/2016,,,14,2,2,10,Y,0,0,0,0,1,0,0,1,0,0,0,0,1,1,0,0,0,0,0,0,0,1,1,0,0,0,0,0,1,0,1,0,1,0,0,1,0,0,0,1,1,0,0,0,0,0,0,0,0,0,2,0,0,0,0,0,0,0,4054856,5626732
D4,45,Lake,2010,4508160,"SLEEP INN LEESBURG","2476 CITRUS BLVD",LEESBURG,34748,2523227,2,Food,"Routine - Food","Call Back - Complied",02/16/2016,,,1,1,0,0,Y,0,0,0,0,0,0,0,1,0,0,0,0,0,0,0,0,0,0,0,0,0,0,0,0,0,0,0,0,0,0,0,0,0,0,0,0,0,0,0,0,0,0,0,0,0,0,0,0,0,0,0,0,0,0,0,0,0,0,5482153,5797717
D4,45,Lake,2010,4508160,"SLEEP INN LEESBURG","2476 CITRUS BLVD",LEESBURG,34748,2523227,1,Food,"Routine - Food","Warning Issued",12/11/2015,,,4,1,2,1,Y,0,0,0,0,0,0,0,1,0,0,0,0,0,0,0,0,0,0,0,0,0,0,0,0,0,0,0,0,0,0,2,0,0,0,0,0,0,0,0,0,0,0,0,0,0,0,0,0,0,0,0,0,1,0,0,0,0,0,5482153,5644557
D4,45,Lake,2010,4508162,"FROGGERS GRILL AND BAR","4931 LAKE PARK COURT","MOUNT DORA",32757,2505748,1,Food,"Routine - Food","Warning Issued",10/07/2015,,,11,1,3,7,Y,0,0,1,0,0,0,0,0,0,0,0,0,0,0,0,0,0,0,0,0,0,1,1,0,0,0,1,0,0,0,0,0,0,0,0,5,0,0,0,0,1,0,0,0,0,0,0,0,0,0,1,0,0,0,0,0,0,0,3539198,5619160
D4,45,Lake,2010,4508162,"FROGGERS GRILL AND BAR","4931 LAKE PARK COURT","MOUNT DORA",32757,2555556,1,Food,"Routine - Food","Warning Issued",05/12/2016,,,22,3,4,15,Y,0,0,1,0,1,0,0,0,0,1,0,0,0,2,0,2,0,0,0,0,0,2,2,0,0,0,0,0,1,0,2,0,0,0,3,4,0,0,0,0,1,0,0,0,0,0,0,0,0,0,0,0,0,0,0,0,0,0,3539198,5753266
D4,45,Lake,2010,4508162,"FROGGERS GRILL AND BAR","4931 LAKE PARK COURT","MOUNT DORA",32757,2505748,2,Food,"Routine - Food","Call Back - Complied",12/07/2015,,,5,0,1,4,Y,0,0,0,0,0,0,0,0,0,0,0,0,0,0,0,0,0,0,0,0,0,1,0,0,0,0,0,0,0,0,0,0,0,0,0,4,0,0,0,0,0,0,0,0,0,0,0,0,0,0,0,0,0,0,0,0,0,0,3539198,5752929
D4,45,Lake,2010,4508162,"FROGGERS GRILL AND BAR","4931 LAKE PARK COURT","MOUNT DORA",32757,2555556,2,Food,"Routine - Food","Call Back - Complied",05/13/2016,,,8,0,0,8,Y,0,0,0,0,0,0,0,0,0,0,0,0,0,1,0,1,0,0,0,0,0,0,1,0,0,0,0,0,1,0,0,0,0,0,1,3,0,0,0,0,0,0,0,0,0,0,0,0,0,0,0,0,0,0,0,0,0,0,3539198,5884430
D4,45,Lake,2010,4508163,"CRISPERS LLC","2884 DAVID WALKER RD",EUSTIS,32726,2516012,1,Food,"Routine - Food","Inspection Completed - No Further Action",08/31/2015,,,6,0,4,2,Y,0,0,1,0,0,0,0,0,0,0,1,0,0,0,0,0,0,0,0,0,1,1,0,1,0,0,0,0,0,0,0,0,0,0,0,0,0,0,0,0,1,0,0,0,0,0,0,0,0,0,0,0,0,0,0,0,0,0,4457265,5633984
D4,45,Lake,2010,4508163,"CRISPERS LLC","2884 DAVID WALKER RD",EUSTIS,32726,2548193,1,Food,"Routine - Food","Inspection Completed - No Further Action",06/10/2016,,,6,1,2,3,Y,0,1,0,0,0,0,0,1,0,0,0,0,0,0,0,0,0,0,0,0,0,1,0,0,0,0,0,0,1,0,0,0,0,0,0,1,0,0,0,0,0,0,0,0,0,0,0,0,0,0,0,0,1,0,0,0,0,0,4457265,5725494
D4,45,Lake,2010,4508169,"NY CHINESE RESTAURANT","240 CITRUS TOWER BLVD STE 1",CLERMONT,34711,2520885,1,Food,"Routine - Food","Inspection Completed - No Further Action",09/22/2015,,,35,6,7,22,Y,0,2,1,0,0,1,0,5,0,0,0,1,0,6,0,0,0,0,0,0,2,3,2,0,2,0,2,0,0,0,1,0,0,0,1,4,0,0,0,0,2,0,0,0,0,0,0,0,0,0,0,0,0,0,0,0,0,0,5554367,5641100
D4,45,Lake,2010,4508169,"NY CHINESE RESTAURANT","240 CITRUS TOWER BLVD STE 1",CLERMONT,34711,2552518,1,Food,"Routine - Food","Warning Issued",05/20/2016,,,21,4,5,12,Y,0,0,2,0,0,0,0,2,0,0,0,3,1,2,0,0,0,0,0,0,0,1,0,0,1,0,0,0,0,0,1,0,0,0,1,3,0,1,0,0,2,1,0,0,0,0,0,0,0,0,0,0,0,0,0,0,0,0,5554367,5741436
D4,45,Lake,2010,4508169,"NY CHINESE RESTAURANT","240 CITRUS TOWER BLVD STE 1",CLERMONT,34711,2552518,2,Food,"Routine - Food","Call Back - Complied",05/23/2016,,,2,0,0,2,Y,0,0,0,0,0,0,0,0,0,0,0,0,0,1,0,0,0,0,0,0,0,0,0,0,0,0,0,0,0,0,0,0,0,0,0,1,0,0,0,0,0,0,0,0,0,0,0,0,0,0,0,0,0,0,0,0,0,0,5554367,5889440
D4,45,Lake,2010,4508172,"LYN'S ICE CREAM & DELI SANDWICH SHOPPE","824 W MONTROSE ST",CLERMONT,34711,2532055,1,Food,"Routine - Food","Inspection Completed - No Further Action",03/21/2016,,,2,0,0,2,Y,0,1,0,0,0,0,0,0,0,0,0,0,0,1,0,0,0,0,0,0,0,0,0,0,0,0,0,0,0,0,0,0,0,0,0,0,0,0,0,0,0,0,0,0,0,0,0,0,0,0,0,0,0,0,0,0,0,0,5817450,5658552
D4,45,Lake,2010,4508173,"LEGENDS GOLF CLUB","1700 LEGENDARY BLVD",CLERMONT,34711,2538401,2,Food,"Routine - Food","Call Back - Extension given, pending",05/06/2016,,,9,0,5,4,Y,0,0,0,0,0,0,0,1,0,0,0,0,0,0,0,0,0,0,0,0,0,2,1,0,0,0,0,0,2,0,0,0,0,0,0,1,0,0,0,0,0,0,0,0,0,0,0,0,0,0,0,0,2,0,0,0,0,0,3952583,5874928
D4,45,Lake,2010,4508173,"LEGENDS GOLF CLUB","1700 LEGENDARY BLVD",CLERMONT,34711,2509661,1,Food,"Routine - Food","Inspection Completed - No Further Action",07/17/2015,,,12,2,5,5,Y,0,0,0,0,0,0,0,1,0,0,0,0,1,0,0,0,0,0,0,0,0,3,1,0,0,0,0,0,1,0,2,0,0,0,0,0,0,0,0,1,2,0,0,0,0,0,0,0,0,0,0,0,0,0,0,0,0,0,3952583,5624761
D4,45,Lake,2010,4508173,"LEGENDS GOLF CLUB","1700 LEGENDARY BLVD",CLERMONT,34711,2538401,1,Food,"Routine - Food","Warning Issued",04/26/2016,,,17,3,6,8,Y,0,0,1,0,0,0,0,1,0,0,0,2,0,0,0,0,0,0,0,0,1,2,2,0,0,0,0,0,3,0,1,0,0,0,0,2,0,0,0,0,0,0,0,0,0,0,0,0,0,0,0,0,2,0,0,0,0,0,3952583,5690613
D4,45,Lake,2010,4508174,"WENDY'S #9108","1409 SUNRISE PLAZA DR",CLERMONT,34711,2548686,1,Food,"Routine - Food","Inspection Completed - No Further Action",02/19/2016,,,3,0,2,1,Y,0,0,0,0,0,0,0,1,0,0,0,0,0,0,0,0,0,0,0,0,0,1,0,0,0,0,1,0,0,0,0,0,0,0,0,0,0,0,0,0,0,0,0,0,0,0,0,0,0,0,0,0,0,0,0,0,0,0,5379524,5727400
D4,45,Lake,2010,4508174,"WENDY'S #9108","1409 SUNRISE PLAZA DR",CLERMONT,34711,2518740,1,Food,"Routine - Food","Inspection Completed - No Further Action",09/02/2015,,,5,2,0,3,Y,0,0,2,0,0,0,0,1,0,0,0,0,1,0,0,0,0,0,0,0,0,0,1,0,0,0,0,0,0,0,0,0,0,0,0,0,0,0,0,0,0,0,0,0,0,0,0,0,0,0,0,0,0,0,0,0,0,0,5379524,5637960
D4,45,Lake,2010,4508176,"GATOR'S DOCKSIDE","15241 US 441",EUSTIS,32726,2500756,1,Food,"Routine - Food","Inspection Completed - No Further Action",12/09/2015,,,14,0,3,11,Y,0,0,0,0,0,0,0,0,0,0,0,0,0,1,0,1,0,0,0,0,1,3,2,0,0,0,0,0,1,0,0,0,0,0,0,3,0,1,0,0,1,0,0,0,0,0,0,0,0,0,0,0,0,0,0,0,0,0,2513662,5610870
D4,45,Lake,2010,4508176,"GATOR'S DOCKSIDE","15241 US 441",EUSTIS,32726,2567783,1,Food,"Routine - Food","Inspection Completed - No Further Action",06/10/2016,,,16,2,2,12,Y,0,0,1,0,0,0,0,0,0,0,0,1,1,2,0,0,0,0,0,0,0,1,3,0,0,0,0,0,1,0,0,0,0,0,0,3,0,1,0,0,0,0,0,0,0,0,0,0,0,0,1,0,1,0,0,0,0,0,2513662,5796122
D4,45,Lake,2010,4508178,"TACO BELL 21472","1810 E HWY 50, CITRUS TOWER",CLERMONT,34711,2516788,1,Food,"Routine - Food","Inspection Completed - No Further Action",07/30/2015,,,10,1,1,8,Y,0,0,0,0,0,0,0,1,0,0,0,0,0,1,0,0,0,0,0,0,0,1,3,1,0,0,0,0,1,0,1,0,1,0,0,0,0,0,0,0,0,0,0,0,0,0,0,0,0,0,0,0,0,0,0,0,0,0,5284115,5635107
D4,45,Lake,2010,4508178,"TACO BELL 21472","1810 E HWY 50, CITRUS TOWER",CLERMONT,34711,2578847,1,Food,"Complaint Full","Inspection Completed - No Further Action",03/23/2016,,,8,2,1,5,Y,0,0,1,0,1,0,0,0,0,0,0,0,0,0,0,0,0,0,0,0,0,0,1,1,0,0,0,0,1,0,1,0,1,0,0,0,0,0,0,0,0,0,0,0,0,0,0,0,0,0,0,0,1,0,0,0,0,0,5284115,5854683
D4,45,Lake,2010,4508180,"DUNKIN' DONUTS 338748","2390 E BURLEIGH BLVD",EUSTIS,32726,2563744,1,Food,"Food-Licensing Inspection","Inspection Completed - No Further Action",11/23/2015,,,4,0,1,3,Y,0,0,0,0,0,0,0,0,0,0,0,0,0,0,0,0,0,0,0,0,1,0,0,0,1,0,0,0,0,0,1,0,0,0,0,0,0,0,0,0,0,1,0,0,0,0,0,0,0,0,0,0,0,0,0,0,0,0,6295548,5782808
D4,45,Lake,2010,4508181,"PISCES RISING","239 W. FOURTH AVE","MOUNT DORA",32757,2503933,4,Food,"Routine - Food","Call Back - Complied",01/25/2016,,,0,0,0,0,Y,0,0,0,0,0,0,0,0,0,0,0,0,0,0,0,0,0,0,0,0,0,0,0,0,0,0,0,0,0,0,0,0,0,0,0,0,0,0,0,0,0,0,0,0,0,0,0,0,0,0,0,0,0,0,0,0,0,0,2536701,5819692
D4,45,Lake,2010,4508181,"PISCES RISING","239 W. FOURTH AVE","MOUNT DORA",32757,2503933,3,Food,"Routine - Food","Call Back - Extension given, pending",01/21/2016,,,1,0,1,0,Y,0,0,0,0,0,0,0,0,0,0,0,0,0,0,0,0,0,0,0,0,0,0,0,0,0,0,0,0,0,0,1,0,0,0,0,0,0,0,0,0,0,0,0,0,0,0,0,0,0,0,0,0,0,0,0,0,0,0,2536701,5805157
D4,45,Lake,2010,4508181,"PISCES RISING","239 W. FOURTH AVE","MOUNT DORA",32757,2503933,1,Food,"Routine - Food","Warning Issued",12/14/2015,,,27,6,7,14,Y,2,1,3,0,0,0,0,3,0,1,0,1,0,1,0,0,0,0,0,0,2,2,0,0,1,0,0,0,1,0,5,0,0,0,0,3,0,0,0,0,0,0,0,0,0,0,0,0,0,0,1,0,0,0,0,0,0,0,2536701,5616374
D4,45,Lake,2010,4508181,"PISCES RISING","239 W. FOURTH AVE","MOUNT DORA",32757,2503933,2,Food,"Routine - Food","Call Back - Extension given, pending",12/22/2015,,,7,0,4,3,Y,0,0,0,0,0,0,0,0,0,0,0,0,0,1,0,0,0,0,0,0,0,0,0,0,0,0,0,0,0,0,4,0,0,0,0,2,0,0,0,0,0,0,0,0,0,0,0,0,0,0,0,0,0,0,0,0,0,0,2536701,5798803
D4,45,Lake,2010,4508181,"PISCES RISING","239 W. FOURTH AVE","MOUNT DORA",32757,2568822,1,Food,"Routine - Food","Inspection Completed - No Further Action",06/08/2016,,,10,1,3,6,Y,1,0,0,0,0,0,0,0,0,1,0,0,0,0,0,0,0,0,0,0,0,1,1,0,0,0,0,0,0,0,3,0,0,0,0,3,0,0,0,0,0,0,0,0,0,0,0,0,0,0,0,0,0,0,0,0,0,0,2536701,5799157
D4,45,Lake,2010,4508182,"CHINESE RESTAURANT","2670 E HIGHWAY 50 UNIT B",CLERMONT,34711-6038,2564304,1,Food,"Routine - Food","Inspection Completed - No Further Action",05/18/2016,,,12,3,0,9,Y,0,1,0,0,0,0,0,4,0,0,0,0,0,1,0,0,0,0,0,0,0,0,1,0,0,0,0,0,0,0,0,0,0,0,1,3,0,0,0,0,1,0,0,0,0,0,0,0,0,0,0,0,0,0,0,0,0,0,5667503,5784487
D4,45,Lake,2010,4508182,"CHINESE RESTAURANT","2670 E HIGHWAY 50 UNIT B",CLERMONT,34711-6038,2527828,1,Food,"Routine - Food","Inspection Completed - No Further Action",11/19/2015,,,9,2,1,6,Y,0,0,0,0,0,0,0,1,0,0,0,1,0,2,0,0,0,0,0,0,0,0,1,0,0,0,0,0,1,0,0,0,0,0,1,0,0,0,0,1,0,0,0,0,0,0,0,0,0,0,0,0,1,0,0,0,0,0,5667503,5651813
D4,45,Lake,2010,4508184,"BILLY'S CAFE","1601 S DUNCAN DR",TAVARES,32778,2556543,1,Food,"Routine - Food","Inspection Completed - No Further Action",02/15/2016,,,12,5,3,4,Y,0,0,3,0,0,0,0,1,0,1,0,2,0,0,0,0,0,0,0,0,0,0,0,0,0,0,0,0,0,0,1,0,0,0,0,2,0,0,0,1,0,0,0,0,0,0,0,0,0,0,0,0,1,0,0,0,0,0,6266114,5756357
D4,45,Lake,2010,4508184,"BILLY'S CAFE","1601 S DUNCAN DR",TAVARES,32778,2502671,1,Food,"Routine - Food","Inspection Completed - No Further Action",07/30/2015,,,4,1,1,2,Y,0,0,1,0,0,0,0,0,0,0,0,0,0,1,0,0,0,0,0,0,1,0,0,0,0,0,0,0,0,0,1,0,0,0,0,0,0,0,0,0,0,0,0,0,0,0,0,0,0,0,0,0,0,0,0,0,0,0,3074879,5614108
D4,45,Lake,2010,4508187,"EL KORITA MEXICAN RESTAURANT, INC.","256 W. ARDICE AVE.",EUSTIS,32726,2548855,1,Food,"Routine - Food","Inspection Completed - No Further Action",06/09/2016,,,10,3,2,5,Y,1,1,1,0,0,1,0,1,0,0,0,0,0,0,0,0,0,0,0,0,0,1,1,0,0,0,0,0,1,0,0,0,0,0,0,0,0,0,0,0,1,0,0,0,0,0,0,0,0,0,1,0,0,0,0,0,0,0,2895541,5728472
D4,45,Lake,2010,4508187,"EL KORITA MEXICAN RESTAURANT, INC.","256 W. ARDICE AVE.",EUSTIS,32726,2501913,1,Food,"Routine - Food","Inspection Completed - No Further Action",09/03/2015,,,6,2,1,3,Y,0,0,1,0,0,0,0,2,0,0,0,0,0,0,0,0,0,0,0,0,1,0,1,0,0,0,1,0,0,0,0,0,0,0,0,0,0,0,0,0,0,0,0,0,0,0,0,0,0,0,0,0,0,0,0,0,0,0,2895541,5612772
D4,45,Lake,2010,4508188,"NAPOLI'S PIZZERIA","556 S HWY 27 UNIT C",MINNEOLA,34715,2510139,2,Food,"Routine - Food","Call Back - Complied",09/22/2015,,,1,0,0,1,Y,0,0,0,0,0,0,0,0,0,0,0,0,0,1,0,0,0,0,0,0,0,0,0,0,0,0,0,0,0,0,0,0,0,0,0,0,0,0,0,0,0,0,0,0,0,0,0,0,0,0,0,0,0,0,0,0,0,0,3995414,5735715
D4,45,Lake,2010,4508188,"NAPOLI'S PIZZERIA","556 S HWY 27 UNIT C",MINNEOLA,34715,2550944,1,Food,"Routine - Food","Inspection Completed - No Further Action",05/26/2016,,,12,1,2,9,Y,0,1,0,0,0,0,0,0,0,0,0,1,1,1,0,1,0,0,0,0,2,1,0,0,0,0,0,0,0,0,0,0,0,0,0,2,0,0,0,0,0,0,0,0,0,0,0,0,0,2,0,0,0,0,0,0,0,0,3995414,5735813
D4,45,Lake,2010,4508188,"NAPOLI'S PIZZERIA","556 S HWY 27 UNIT C",MINNEOLA,34715,2510139,1,Food,"Routine - Food","Warning Issued",09/14/2015,,,16,3,7,6,Y,1,0,2,0,0,0,0,0,0,0,0,1,1,2,0,0,0,0,0,0,2,5,0,0,0,0,0,0,0,0,0,0,0,0,1,0,0,0,0,0,0,0,0,0,0,0,0,0,0,0,0,0,1,0,0,0,0,0,3995414,5625463
D4,45,Lake,2010,4508189,"RUBY TUESDAY 7432","2650 E. HWY 50",CLERMONT,34711,2500364,1,Food,"Routine - Food","Inspection Completed - No Further Action",10/21/2015,,,3,0,0,3,Y,0,0,0,0,0,0,0,1,0,0,0,0,0,1,0,0,0,0,0,0,0,0,1,0,0,0,0,0,0,0,0,0,0,0,0,0,0,0,0,0,0,0,0,0,0,0,0,0,0,0,0,0,0,0,0,0,0,0,2434017,5610216
D4,45,Lake,2010,4508189,"RUBY TUESDAY 7432","2650 E. HWY 50",CLERMONT,34711,2558412,1,Food,"Routine - Food","Inspection Completed - No Further Action",05/18/2016,,,2,0,0,2,Y,0,0,0,0,0,0,0,0,0,0,0,0,1,0,0,0,0,0,0,0,0,0,0,0,0,0,0,0,0,0,0,0,0,0,0,1,0,0,0,0,0,0,0,0,0,0,0,0,0,0,0,0,0,0,0,0,0,0,2434017,5763815
D4,45,Lake,2010,4508193,"MERIDIAN HOTEL & SUITES","20329 US HWY 27 N",CLERMONT,34715,2584400,1,Food,"Complaint Full","Warning Issued",06/15/2016,,,9,0,4,5,Y,0,0,0,0,0,0,0,0,0,0,1,0,0,0,0,0,0,0,0,0,0,1,0,0,0,0,0,0,0,0,1,0,0,0,0,2,0,0,0,0,0,1,0,0,0,0,0,0,0,1,1,0,1,0,0,0,0,0,5468752,5901906
D4,45,Lake,2010,4508193,"MERIDIAN HOTEL & SUITES","20329 US HWY 27 N",CLERMONT,34715,2521076,1,Food,"Routine - Food","Inspection Completed - No Further Action",08/17/2015,,,5,0,2,3,Y,0,0,0,0,0,0,0,0,0,0,0,0,0,0,0,0,0,0,0,0,0,2,0,0,0,0,0,0,0,0,0,0,0,0,0,3,0,0,0,0,0,0,0,0,0,0,0,0,0,0,0,0,0,0,0,0,0,0,5468752,5641388
D4,45,Lake,2010,4508195,"APPLEBEES NEIGHBORHOOD GRILL & BAR","15351 US HWY 441",EUSTIS,32726,2519007,1,Food,"Routine - Food","Inspection Completed - No Further Action",12/17/2015,,,4,1,0,3,Y,0,0,0,0,0,0,0,2,0,0,0,0,0,0,0,1,0,0,0,0,0,0,1,0,0,0,0,0,0,0,0,0,0,0,0,0,0,0,0,0,0,0,0,0,0,0,0,0,0,0,0,0,0,0,0,0,0,0,5355003,5638346
D4,45,Lake,2010,4508195,"APPLEBEES NEIGHBORHOOD GRILL & BAR","15351 US HWY 441",EUSTIS,32726,2569870,1,Food,"Routine - Food","Inspection Completed - No Further Action",06/29/2016,,,10,1,0,9,Y,0,0,1,0,0,0,0,0,0,0,0,0,0,2,0,1,0,0,0,0,0,1,1,0,0,0,0,0,1,0,0,0,0,0,0,2,0,0,0,1,0,0,0,0,0,0,0,0,0,0,0,0,0,0,0,0,0,0,5355003,5802462
D4,45,Lake,2010,4508197,"CHICK-FIL-A CLERMONT","2585 E. HWY 50",CLERMONT,34711-6051,2503974,1,Food,"Routine - Food","Inspection Completed - No Further Action",08/25/2015,,,5,1,2,2,Y,0,0,0,0,1,0,0,0,0,0,0,0,0,0,0,0,0,0,0,0,0,2,1,0,0,0,0,0,1,0,0,0,0,0,0,0,0,0,0,0,0,0,0,0,0,0,0,0,0,0,0,0,0,0,0,0,0,0,2585178,5616423
D4,45,Lake,2010,4508197,"CHICK-FIL-A CLERMONT","2585 E. HWY 50",CLERMONT,34711-6051,2546829,1,Food,"Routine - Food","Inspection Completed - No Further Action",01/08/2016,,,9,0,3,6,Y,0,0,0,0,1,0,0,1,0,0,0,0,0,1,0,0,0,0,0,0,0,1,1,0,0,0,0,0,0,0,2,0,0,0,0,1,0,0,0,1,0,0,0,0,0,0,0,0,0,0,0,0,0,0,0,0,0,0,2585178,5720861
D4,45,Lake,2010,4508199,"CHILI'S GRILL & BAR","1206 AVENIDA CENTRAL","LADY LAKE",32159-5702,2501171,1,Food,"Routine - Food","Inspection Completed - No Further Action",02/12/2016,,,4,0,1,3,Y,0,0,0,0,0,0,0,0,0,0,0,0,0,1,0,1,0,0,0,0,0,1,1,0,0,0,0,0,0,0,0,0,0,0,0,0,0,0,0,0,0,0,0,0,0,0,0,0,0,0,0,0,0,0,0,0,0,0,2596690,5611468
D4,45,Lake,2010,4508199,"CHILI'S GRILL & BAR","1206 AVENIDA CENTRAL","LADY LAKE",32159-5702,2545833,1,Food,"Complaint Full","Inspection Completed - No Further Action",08/24/2015,,,5,1,0,4,Y,0,0,1,0,0,0,0,0,0,0,0,0,0,1,0,2,0,0,0,0,0,0,1,0,0,0,0,0,0,0,0,0,0,0,0,0,0,0,0,0,0,0,0,0,0,0,0,0,0,0,0,0,0,0,0,0,0,0,2596690,5716796
D4,45,Lake,2010,4508200,"CHILI'S GRILL & BAR # 992","2555 E. HWY 50",CLERMONT,34711,2504046,1,Food,"Routine - Food","Warning Issued",07/21/2015,,,25,0,6,19,Y,0,2,0,0,1,0,0,0,0,1,0,1,0,1,0,1,0,0,0,0,1,5,5,0,1,0,0,0,0,0,1,0,0,0,0,4,0,0,0,1,0,0,0,0,0,0,0,0,0,0,0,0,0,0,0,0,0,0,2608518,5616518
D4,45,Lake,2010,4508200,"CHILI'S GRILL & BAR # 992","2555 E. HWY 50",CLERMONT,34711,2504046,2,Food,"Routine - Food","Call Back - Complied",07/29/2015,,,1,0,0,1,Y,0,0,0,0,0,0,0,0,0,0,0,0,0,1,0,0,0,0,0,0,0,0,0,0,0,0,0,0,0,0,0,0,0,0,0,0,0,0,0,0,0,0,0,0,0,0,0,0,0,0,0,0,0,0,0,0,0,0,2608518,5692642
D4,45,Lake,2010,4508200,"CHILI'S GRILL & BAR # 992","2555 E. HWY 50",CLERMONT,34711,2539047,1,Food,"Routine - Food","Inspection Completed - No Further Action",01/08/2016,,,9,1,1,7,Y,0,0,1,0,0,0,0,0,0,0,0,1,1,0,0,0,0,0,0,0,0,1,2,1,0,0,0,0,0,0,0,0,0,0,0,1,0,0,0,1,0,0,0,0,0,0,0,0,0,0,0,0,0,0,0,0,0,0,2608518,5692958
D4,45,Lake,2010,4508201,SUBWAY,"10135 S US HWY 441, SUITE 4",LEESBURG,34788,2501285,2,Food,"Routine - Food","Call Back - Complied",09/14/2015,,,0,0,0,0,Y,0,0,0,0,0,0,0,0,0,0,0,0,0,0,0,0,0,0,0,0,0,0,0,0,0,0,0,0,0,0,0,0,0,0,0,0,0,0,0,0,0,0,0,0,0,0,0,0,0,0,0,0,0,0,0,0,0,0,2632246,5733013
D4,45,Lake,2010,4508201,SUBWAY,"10135 S US HWY 441, SUITE 4",LEESBURG,34788,2501285,1,Food,"Routine - Food","Warning Issued",09/11/2015,,,3,1,1,1,Y,0,0,1,0,0,0,0,0,0,0,0,0,0,1,0,0,0,0,0,0,0,0,0,0,0,0,0,0,0,0,0,0,0,0,0,1,0,0,0,0,0,0,0,0,0,0,0,0,0,0,0,0,0,0,0,0,0,0,2632246,5611644
D4,45,Lake,2010,4508203,"PIZZA HUT","13900 CR 455 #104",CLERMONT,34711,2512053,1,Food,"Routine - Food","Inspection Completed - No Further Action",08/10/2015,,,3,0,0,3,Y,0,0,0,0,0,0,0,0,0,0,0,0,0,0,0,0,0,0,0,0,0,0,0,0,0,0,0,0,0,0,0,0,0,0,0,3,0,0,0,0,0,0,0,0,0,0,0,0,0,0,0,0,0,0,0,0,0,0,4147000,5628118
D4,45,Lake,2010,4508205,"LIL ANTHONY'S PIZZA","205 N HWY 27",MINNEOLA,34755,2558087,1,Food,"Routine - Food","Inspection Completed - No Further Action",05/26/2016,,,7,1,0,6,Y,0,0,0,0,0,0,0,1,0,1,0,0,1,0,0,0,0,0,0,0,1,0,1,0,1,0,0,0,0,0,0,0,0,0,0,0,0,0,0,0,1,0,0,0,0,0,0,0,0,0,0,0,0,0,0,0,0,0,2572573,5762477
D4,45,Lake,2010,4508205,"LIL ANTHONY'S PIZZA","205 N HWY 27",MINNEOLA,34755,2503947,1,Food,"Routine - Food","Warning Issued",10/20/2015,,,11,1,2,8,Y,0,0,1,0,1,1,0,1,0,0,0,0,0,1,0,0,0,0,0,0,0,1,1,1,0,0,0,0,0,0,0,0,0,0,0,2,0,0,0,0,0,0,0,0,0,0,0,0,0,0,0,0,1,0,0,0,0,0,2572573,5616393
D4,45,Lake,2010,4508205,"LIL ANTHONY'S PIZZA","205 N HWY 27",MINNEOLA,34755,2503947,2,Food,"Routine - Food","Call Back - Complied",01/04/2016,,,0,0,0,0,Y,0,0,0,0,0,0,0,0,0,0,0,0,0,0,0,0,0,0,0,0,0,0,0,0,0,0,0,0,0,0,0,0,0,0,0,0,0,0,0,0,0,0,0,0,0,0,0,0,0,0,0,0,0,0,0,0,0,0,2572573,5762270
D4,45,Lake,2010,4508206,"GOLDEN CHINA","13900 CR 455 UN# 113",CLERMONT,34711,2516260,2,Food,"Routine - Food","Call Back - Complied",11/03/2015,,,3,0,1,2,Y,0,0,0,0,0,0,0,0,0,0,0,0,0,0,0,0,0,0,0,0,0,0,2,0,0,0,0,0,0,0,0,0,0,0,0,0,0,0,0,0,0,0,0,0,0,0,0,0,0,0,0,0,1,0,0,0,0,0,5243592,5763457
D4,45,Lake,2010,4508206,"GOLDEN CHINA","13900 CR 455 UN# 113",CLERMONT,34711,2558502,1,Food,"Routine - Food","Warning Issued",05/06/2016,,,20,4,2,14,Y,0,1,1,0,1,0,0,5,0,0,0,1,0,3,0,0,0,0,0,0,0,0,2,0,1,0,0,0,0,0,1,0,0,0,0,2,0,0,0,0,1,1,0,0,0,0,0,0,0,0,0,0,0,0,0,0,0,0,5243592,5763923
D4,45,Lake,2010,4508206,"GOLDEN CHINA","13900 CR 455 UN# 113",CLERMONT,34711,2516260,1,Food,"Routine - Food","Warning Issued",10/21/2015,,,24,1,5,18,Y,0,1,1,0,1,0,0,4,0,0,0,1,1,3,0,0,0,0,0,0,0,2,3,1,1,0,1,0,0,0,0,1,0,0,0,2,0,0,0,0,0,0,0,0,0,0,0,0,0,0,0,0,1,0,0,0,0,0,5243592,5634353
D4,45,Lake,2010,4508206,"GOLDEN CHINA","13900 CR 455 UN# 113",CLERMONT,34711,2558502,2,Food,"Routine - Food","Call Back - Complied",05/13/2016,,,8,0,0,8,Y,0,0,0,0,1,0,0,0,0,0,0,0,0,2,0,0,0,0,0,0,0,0,2,0,1,0,0,0,0,0,0,0,0,0,0,2,0,0,0,0,0,0,0,0,0,0,0,0,0,0,0,0,0,0,0,0,0,0,5243592,5881029
D4,45,Lake,2010,4508208,"HOLIDAY INN EXPRESS & SUITES - TAVARES/LEESBURG","3601 W BURLEIGH BLVD",TAVARES,32778,2539878,1,Food,"Routine - Food","Warning Issued",03/02/2016,,,2,0,2,0,Y,0,0,1,0,0,0,0,0,0,0,0,0,0,0,0,0,0,0,0,0,0,0,0,0,0,0,0,0,0,0,0,0,0,0,0,0,0,0,0,0,0,0,0,0,0,0,0,0,0,0,0,0,1,0,0,0,0,0,6203388,5695225
D4,45,Lake,2010,4508208,"HOLIDAY INN EXPRESS & SUITES - TAVARES/LEESBURG","3601 W BURLEIGH BLVD",TAVARES,32778,2539878,2,Food,"Routine - Food","Call Back - Extension given, pending",05/03/2016,,,1,0,1,0,Y,0,0,0,0,0,0,0,0,0,0,0,0,0,0,0,0,0,0,0,0,0,0,0,0,0,0,0,0,0,0,0,0,0,0,0,0,0,0,0,0,0,0,0,0,0,0,0,0,0,0,0,0,1,0,0,0,0,0,6203388,5842909
D4,45,Lake,2010,4508208,"HOLIDAY INN EXPRESS TAVARES","3601 W BURLEIGH BLVD",TAVARES,32778,2506775,1,Food,"Routine - Food","Inspection Completed - No Further Action",07/17/2015,,,1,1,0,0,Y,0,0,1,0,0,0,0,0,0,0,0,0,0,0,0,0,0,0,0,0,0,0,0,0,0,0,0,0,0,0,0,0,0,0,0,0,0,0,0,0,0,0,0,0,0,0,0,0,0,0,0,0,0,0,0,0,0,0,3663332,5620657
D4,45,Lake,2010,4508208,"HOLIDAY INN EXPRESS & SUITES - TAVARES/LEESBURG","3601 W BURLEIGH BLVD",TAVARES,32778,2539878,3,Food,"Routine - Food","Call Back - Complied",05/10/2016,,,0,0,0,0,Y,0,0,0,0,0,0,0,0,0,0,0,0,0,0,0,0,0,0,0,0,0,0,0,0,0,0,0,0,0,0,0,0,0,0,0,0,0,0,0,0,0,0,0,0,0,0,0,0,0,0,0,0,0,0,0,0,0,0,6203388,5878908
D4,45,Lake,2010,4508210,"OAKWOOD SMOKEHOUSE & GRILL","860 S HWY 27/441","LADY LAKE",32159,2566206,1,Food,"Routine - Food","Inspection Completed - No Further Action",05/27/2016,,,9,2,3,4,Y,0,0,1,0,0,0,0,0,0,0,0,0,1,0,0,0,0,0,0,0,0,1,0,0,0,0,0,0,0,0,2,0,0,0,0,2,0,0,0,0,2,0,0,0,0,0,0,0,0,0,0,0,0,0,0,0,0,0,5659516,5791200
D4,45,Lake,2010,4508210,"OAKWOOD SMOKEHOUSE & GRILL","860 S HWY 27/441","LADY LAKE",32159,2523401,1,Food,"Routine - Food","Inspection Completed - No Further Action",12/02/2015,,,12,0,3,9,Y,0,0,0,0,0,0,0,1,0,0,0,2,1,1,0,0,0,0,0,0,1,1,0,0,1,0,0,0,0,0,3,0,0,0,0,0,0,1,0,0,0,0,0,0,0,0,0,0,0,0,0,0,0,0,0,0,0,0,5659516,5644822
D4,45,Lake,2010,4508212,GOOMBA'S,"151 W HWY 50",CLERMONT,34711,2541268,1,Food,"Food-Licensing Inspection","Inspection Completed - No Further Action",07/30/2015,,,19,3,7,9,Y,0,1,0,0,2,0,0,1,0,0,0,0,0,0,0,0,0,0,0,0,0,2,0,0,1,0,0,0,3,0,2,0,1,0,0,3,0,0,0,0,2,0,0,0,0,0,0,0,0,0,1,0,0,0,0,0,0,0,6207244,5699906
D4,45,Lake,2010,4508212,GOOMBA'S,"151 W HWY 50",CLERMONT,34711,2541595,2,Food,"Routine - Food","Call Back - Complied",04/26/2016,,,3,0,3,0,Y,0,0,0,0,0,0,0,0,0,0,0,0,0,0,0,0,0,0,0,0,0,1,0,0,0,0,0,0,0,0,0,0,0,0,0,0,0,0,0,0,0,0,0,0,0,0,0,0,0,0,0,0,2,0,0,0,0,0,6207244,5874640
D4,45,Lake,2010,4508212,GOOMBA'S,"151 W HWY 50",CLERMONT,34711,2541595,1,Food,"Routine - Food","Warning Issued",04/25/2016,,,11,4,5,2,Y,0,0,1,0,0,0,0,0,0,0,0,1,0,0,0,0,0,0,0,0,0,4,0,0,0,0,0,0,1,0,0,0,0,0,0,0,0,0,0,1,1,0,0,0,0,0,0,0,0,0,0,0,2,0,0,0,0,0,6207244,5700978
D4,45,Lake,2010,4508213,"BLOOM'S BAKING HOUSE","610 W MAIN ST",LEESBURG,34748,2555887,1,Food,"Routine - Food","Warning Issued",05/16/2016,,,4,1,2,1,Y,0,0,0,0,0,0,0,0,1,0,0,0,0,0,0,0,0,0,0,0,0,0,0,0,0,0,0,0,0,0,1,0,0,0,0,1,0,0,0,0,0,0,0,0,0,0,0,0,0,0,0,0,1,0,0,0,0,0,5298357,5754302
D4,45,Lake,2010,4508213,"BLOOM'S BAKING HOUSE","610 W MAIN ST",LEESBURG,34748,2517376,1,Food,"Routine - Food","Inspection Completed - No Further Action",10/08/2015,,,8,3,1,4,Y,0,0,1,0,0,0,0,2,1,0,0,0,0,2,0,0,0,0,0,0,1,0,0,0,0,0,0,0,0,0,1,0,0,0,0,0,0,0,0,0,0,0,0,0,0,0,0,0,0,0,0,0,0,0,0,0,0,0,5298357,5635949
D4,45,Lake,2010,4508214,"ANGEL'S SOUL FOOD","390 W BURLEIGH BLVD",TAVARES,32778,2530124,1,Food,"Routine - Food","Inspection Completed - No Further Action",07/29/2015,,,5,2,3,0,Y,0,1,0,0,0,0,0,1,0,0,0,0,0,0,0,0,0,0,0,0,0,1,0,0,0,0,0,0,0,0,1,0,0,0,0,0,0,0,0,0,0,0,0,0,0,0,0,0,0,0,0,0,1,0,0,0,0,0,6087853,5655496
D4,45,Lake,2010,4508214,"ANGEL'S SOUL FOOD","390 W BURLEIGH BLVD",TAVARES,32778,2541210,1,Food,"Routine - Food","Warning Issued",02/09/2016,,,10,2,4,4,Y,0,0,0,0,0,0,0,0,0,0,0,0,0,0,0,0,0,0,0,0,0,1,1,0,0,0,0,0,0,0,3,0,0,0,0,2,0,0,0,0,1,0,0,0,0,0,0,0,0,0,1,1,0,0,0,0,0,0,6087853,5699817
D4,45,Lake,2010,4508214,"ANGEL'S SOUL FOOD","390 W BURLEIGH BLVD",TAVARES,32778,2541210,2,Food,"Routine - Food","Call Back - Complied",02/10/2016,,,4,0,1,3,Y,0,0,0,0,0,0,0,0,0,0,0,0,0,0,0,0,0,0,0,0,0,0,1,0,0,0,0,0,0,0,1,0,0,0,0,2,0,0,0,0,0,0,0,0,0,0,0,0,0,0,0,0,0,0,0,0,0,0,6087853,5830632
D4,45,Lake,2010,4508216,"RITTER'S FROZEN CUSTARD #158","2560 E HWY 50 #114",CLERMONT,34711,2531828,1,Food,"Routine - Food","Inspection Completed - No Further Action",08/28/2015,,,3,1,2,0,Y,0,0,1,0,0,0,0,0,0,0,0,0,0,0,0,0,0,0,0,0,0,1,0,0,0,0,0,0,0,0,0,0,0,0,0,0,0,0,0,0,0,0,0,0,0,0,0,0,0,0,0,0,1,0,0,0,0,0,5839484,5658198
D4,45,Lake,2010,4508220,"OVER THE TOP PITA","240 CITRUS TOWER BLVD STE B",CLERMONT,34711,2540131,2,Food,"Routine - Food","Call Back - Complied",03/29/2016,,,0,0,0,0,Y,0,0,0,0,0,0,0,0,0,0,0,0,0,0,0,0,0,0,0,0,0,0,0,0,0,0,0,0,0,0,0,0,0,0,0,0,0,0,0,0,0,0,0,0,0,0,0,0,0,0,0,0,0,0,0,0,0,0,6126765,5822749
D4,45,Lake,2010,4508220,"OVER THE TOP PITA","240 CITRUS TOWER BLVD STE B",CLERMONT,34711,2540131,1,Food,"Routine - Food","Warning Issued",01/26/2016,,,8,0,3,5,Y,0,0,0,0,1,0,0,2,0,0,0,0,0,0,0,0,0,0,0,0,0,2,1,0,0,0,0,0,0,0,0,0,0,0,0,0,0,0,0,0,1,0,0,0,0,0,0,0,0,0,0,0,1,0,0,0,0,0,6126765,5695994
D4,45,Lake,2010,4508220,"OVER THE TOP PITA","240 CITRUS TOWER BLVD STE B",CLERMONT,34711,2528397,1,Food,"Routine - Food","Inspection Completed - No Further Action",07/24/2015,,,4,0,2,2,Y,0,0,0,0,0,0,0,1,0,1,0,0,0,0,0,0,0,0,0,0,0,0,0,0,0,0,0,0,0,0,0,0,0,0,0,0,0,0,0,0,0,0,0,0,0,0,0,0,0,0,0,0,2,0,0,0,0,0,6126765,5652796
D4,45,Lake,2010,4508222,"TOOJAY'S ORIGINAL GOURMET DELI","990 DELMAR DRIVE","LADY LAKE",32159,2562063,1,Food,"Routine - Food","Inspection Completed - No Further Action",03/10/2016,,,12,4,2,6,Y,0,0,0,0,1,0,0,0,0,0,0,2,0,2,0,0,0,0,0,0,0,3,1,0,0,0,0,0,1,0,1,0,0,0,0,0,0,0,0,0,1,0,0,0,0,0,0,0,0,0,0,0,0,0,0,0,0,0,2851503,5777110
D4,45,Lake,2010,4508222,"TOOJAY'S ORIGINAL GOURMET DELI","990 DELMAR DRIVE","LADY LAKE",32159,2504177,1,Food,"Routine - Food","Inspection Completed - No Further Action",11/09/2015,,,6,1,1,4,Y,0,0,0,0,1,0,0,0,0,0,0,1,0,0,0,1,0,0,0,0,1,1,0,0,0,0,0,0,0,0,0,0,0,0,0,0,0,0,0,1,0,0,0,0,0,0,0,0,0,0,0,0,0,0,0,0,0,0,2851503,5616718
D4,45,Lake,2010,4508229,"MAGNOLIA OYSTER BAR","201 W. MAGNOLIA ST.",LEESBURG,34748,2561365,1,Food,"Routine - Food","Inspection Completed - No Further Action",05/16/2016,,,7,0,1,6,Y,0,0,0,0,0,0,0,0,0,0,0,0,1,0,0,0,0,0,0,0,0,3,0,0,0,0,0,0,0,0,0,0,0,0,0,3,0,0,0,0,0,0,0,0,0,0,0,0,0,0,0,0,0,0,0,0,0,0,2918923,5774232
D4,45,Lake,2010,4508229,"MAGNOLIA OYSTER BAR","201 W. MAGNOLIA ST.",LEESBURG,34748,2503624,1,Food,"Routine - Food","Inspection Completed - No Further Action",10/13/2015,,,4,0,0,4,Y,0,0,0,0,0,0,0,0,0,0,0,0,0,1,0,0,0,0,0,0,1,0,1,0,0,0,0,0,0,0,0,0,0,0,0,0,0,0,0,0,0,1,0,0,0,0,0,0,0,0,0,0,0,0,0,0,0,0,2918923,5615906
D4,45,Lake,2010,4508230,"LAKES OF LADY LAKE","503 CANOPY LANE","LADY LAKE",32159,2504157,1,Food,"Routine - Food","Inspection Completed - No Further Action",08/12/2015,,,2,0,1,1,Y,0,0,0,0,0,0,0,0,0,0,0,0,0,0,0,1,0,0,0,0,0,0,0,0,1,0,0,0,0,0,0,0,0,0,0,0,0,0,0,0,0,0,0,0,0,0,0,0,0,0,0,0,0,0,0,0,0,0,2907038,5616690
D4,45,Lake,2010,4508232,"REDTAIL GOLF CLUB","26026 MEMBER LN",SORRENTO,32776,2566007,2,Food,"Complaint Full","Call Back - Extension given, pending",12/07/2015,,,2,0,2,0,Y,0,0,0,0,0,0,0,0,0,0,0,0,0,0,0,0,0,0,0,0,0,0,0,0,0,0,2,0,0,0,0,0,0,0,0,0,0,0,0,0,0,0,0,0,0,0,0,0,0,0,0,0,0,0,0,0,0,0,5288262,5792661
D4,45,Lake,2010,4508232,"REDTAIL GOLF CLUB","26026 MEMBER LN",SORRENTO,32776,2566007,1,Food,"Complaint Full","Warning Issued",12/04/2015,,,9,2,3,4,Y,0,0,0,0,0,0,0,0,0,0,0,0,0,0,0,1,0,0,0,0,0,1,1,0,0,0,2,0,0,0,0,0,0,0,1,2,0,0,0,0,1,0,0,0,0,0,0,0,0,0,0,0,0,0,0,0,0,0,5288262,5790864
D4,45,Lake,2010,4508232,"REDTAIL GOLF CLUB","26026 MEMBER LN",SORRENTO,32776,2516746,1,Food,"Routine - Food","Warning Issued",09/02/2015,,,13,3,3,7,Y,0,2,1,0,0,0,0,0,0,0,0,0,0,1,0,1,0,0,0,0,0,1,2,1,0,0,0,0,0,0,0,0,0,0,0,1,0,0,0,0,2,0,0,0,0,0,0,0,0,0,1,0,0,0,0,0,0,0,5288262,5635053
D4,45,Lake,2010,4508232,"REDTAIL GOLF CLUB","26026 MEMBER LN",SORRENTO,32776,2516746,2,Food,"Routine - Food","Call Back - Complied",09/03/2015,,,5,0,1,4,Y,0,0,0,0,0,0,0,0,0,0,0,0,0,1,0,0,0,0,0,0,0,1,2,0,0,0,0,0,0,0,0,0,0,0,0,1,0,0,0,0,0,0,0,0,0,0,0,0,0,0,0,0,0,0,0,0,0,0,5288262,5727166
D4,45,Lake,2010,4508232,"REDTAIL GOLF CLUB","26026 MEMBER LN",SORRENTO,32776,2566007,3,Food,"Complaint Full","Call Back - Complied",12/21/2015,,,0,0,0,0,Y,0,0,0,0,0,0,0,0,0,0,0,0,0,0,0,0,0,0,0,0,0,0,0,0,0,0,0,0,0,0,0,0,0,0,0,0,0,0,0,0,0,0,0,0,0,0,0,0,0,0,0,0,0,0,0,0,0,0,5288262,5793739
D4,45,Lake,2010,4508233,"GATORS DOCKSIDE VILLAGES LLC","1004 MAIN ST","THE VILLAGES",32159,2510619,1,Food,"Routine - Food","Inspection Completed - No Further Action",11/17/2015,,,10,1,4,5,Y,1,0,0,0,0,1,0,0,0,0,0,0,0,2,0,0,0,0,0,0,0,2,1,0,0,0,1,0,1,0,0,0,0,0,0,1,0,0,0,0,0,0,0,0,0,0,0,0,0,0,0,0,0,0,0,0,0,0,4043278,5626154
D4,45,Lake,2010,4508233,"GATORS DOCKSIDE VILLAGES LLC","1004 MAIN ST","THE VILLAGES",32159,2563582,1,Food,"Routine - Food","Inspection Completed - No Further Action",02/12/2016,,,8,1,1,6,Y,0,0,0,0,0,0,0,0,0,0,0,1,0,2,0,2,0,0,0,0,1,1,0,0,0,0,0,0,1,0,0,0,0,0,0,0,0,0,0,0,0,0,0,0,0,0,0,0,0,0,0,0,0,0,0,0,0,0,4043278,5782582
D4,45,Lake,2010,4508237,"BOB EVANS RESTAURANT #545","2951 S HWY 27",CLERMONT,34711,2504189,1,Food,"Routine - Food","Inspection Completed - No Further Action",07/23/2015,,,3,1,1,1,Y,0,0,1,0,0,0,0,0,0,0,0,0,0,0,0,0,0,0,0,0,0,0,1,0,0,0,0,0,0,0,0,0,0,0,0,0,0,0,0,0,1,0,0,0,0,0,0,0,0,0,0,0,0,0,0,0,0,0,2966956,5616734
D4,45,Lake,2010,4508237,"BOB EVANS RESTAURANT #545","2951 S HWY 27",CLERMONT,34711,2539712,1,Food,"Routine - Food","Warning Issued",12/22/2015,,,7,1,1,5,Y,0,1,0,0,0,0,0,0,0,0,0,0,0,0,0,0,0,0,0,0,0,1,1,0,1,0,0,0,1,0,0,0,0,0,0,1,0,0,0,0,0,0,0,0,0,0,0,0,0,0,0,0,1,0,0,0,0,0,2966956,5695033
D4,45,Lake,2010,4508237,"BOB EVANS RESTAURANT #545","2951 S HWY 27",CLERMONT,34711,2539712,2,Food,"Routine - Food","Call Back - Complied",12/23/2015,,,2,0,1,1,Y,0,0,0,0,0,0,0,0,0,0,0,0,0,0,0,0,0,0,0,0,0,0,0,0,0,0,0,0,1,0,0,0,0,0,0,0,0,0,0,0,0,0,0,0,0,0,0,0,0,0,0,0,1,0,0,0,0,0,2966956,5805043
D4,45,Lake,2010,4508239,"STEAK 'N' SHAKE #543","2545 E HWY 50",CLERMONT,34711,2502778,3,Food,"Routine - Food","Call Back - Admin. complaint recommended",08/24/2015,,,4,0,1,3,Y,0,0,0,0,0,0,0,0,0,0,0,0,0,0,0,0,0,0,0,0,0,1,0,0,0,0,0,0,0,0,0,0,1,0,0,2,0,0,0,0,0,0,0,0,0,0,0,0,0,0,0,0,0,0,0,0,0,0,2983472,5713389
D4,45,Lake,2010,4508239,"STEAK 'N' SHAKE #543","2545 E HWY 50",CLERMONT,34711,2576468,2,Food,"Complaint Full","Call Back - Complied",03/03/2016,,,0,0,0,0,Y,0,0,0,0,0,0,0,0,0,0,0,0,0,0,0,0,0,0,0,0,0,0,0,0,0,0,0,0,0,0,0,0,0,0,0,0,0,0,0,0,0,0,0,0,0,0,0,0,0,0,0,0,0,0,0,0,0,0,2983472,5837607
D4,45,Lake,2010,4508239,"STEAK 'N' SHAKE #543","2545 E HWY 50",CLERMONT,34711,2502778,1,Food,"Routine - Food","Warning Issued",08/13/2015,,,13,2,3,8,Y,0,0,1,0,0,0,0,0,0,1,0,0,1,1,0,1,0,0,0,0,0,3,2,0,0,0,0,0,0,0,0,0,1,0,0,2,0,0,0,0,0,0,0,0,0,0,0,0,0,0,0,0,0,0,0,0,0,0,2983472,5614300
D4,45,Lake,2010,4508239,"STEAK 'N' SHAKE #543","2545 E HWY 50",CLERMONT,34711,2502778,2,Food,"Routine - Food","Call Back - Extension given, pending",08/17/2015,,,5,0,2,3,Y,0,0,0,0,0,0,0,0,0,0,0,0,0,0,0,0,0,0,0,0,0,2,0,0,0,0,0,0,0,0,0,0,1,0,0,2,0,0,0,0,0,0,0,0,0,0,0,0,0,0,0,0,0,0,0,0,0,0,2983472,5711624
D4,45,Lake,2010,4508239,"STEAK 'N' SHAKE #543","2545 E HWY 50",CLERMONT,34711,2578277,1,Food,"Complaint Full","Inspection Completed - No Further Action",03/16/2016,,,5,1,2,2,Y,0,0,1,0,0,0,0,0,0,0,0,0,0,0,0,0,0,0,0,0,0,1,1,0,0,0,0,0,0,0,0,0,0,0,0,1,0,0,0,0,0,0,0,0,0,0,0,0,0,0,0,0,1,0,0,0,0,0,2983472,5850452
D4,45,Lake,2010,4508239,"STEAK 'N' SHAKE #543","2545 E HWY 50",CLERMONT,34711,2576468,1,Food,"Complaint Full","Warning Issued",02/22/2016,,,26,4,6,16,Y,0,0,2,0,1,0,0,1,0,0,1,2,2,0,0,0,0,0,0,0,0,5,3,1,1,0,0,0,0,0,0,0,2,0,0,2,0,0,0,1,1,0,0,0,0,0,0,0,0,0,1,0,0,0,0,0,0,0,2983472,5836789
D4,45,Lake,2010,4508239,"STEAK 'N' SHAKE #543","2545 E HWY 50",CLERMONT,34711,2502778,4,Food,"Routine - Food","Admin. Complaint Callback Complied",01/08/2016,,,3,0,0,3,Y,0,0,0,0,0,0,0,0,0,0,0,0,0,0,0,0,0,0,0,0,0,0,0,0,0,0,0,0,0,0,0,0,1,0,0,2,0,0,0,0,0,0,0,0,0,0,0,0,0,0,0,0,0,0,0,0,0,0,2983472,5778939
D4,45,Lake,2010,4508240,"CARRABBA'S ITALIAN GRILL","2240 E HWY 50",CLERMONT,34711,2510596,1,Food,"Routine - Food","Inspection Completed - No Further Action",08/13/2015,,,11,1,3,7,Y,0,2,0,0,0,0,0,1,0,0,0,1,1,1,0,0,0,0,0,0,0,2,1,0,0,0,0,0,0,0,0,0,0,0,0,0,0,0,0,1,1,0,0,0,0,0,0,0,0,0,0,0,0,0,0,0,0,0,4046928,5626125
D4,45,Lake,2010,4508240,"CARRABBA'S ITALIAN GRILL","2240 E HWY 50",CLERMONT,34711,2544364,1,Food,"Routine - Food","Inspection Completed - No Further Action",04/19/2016,,,10,3,0,7,Y,0,0,0,0,1,0,0,4,0,0,0,0,0,0,0,0,0,0,0,0,0,0,0,0,1,0,0,0,1,0,1,0,1,0,0,0,0,0,0,0,1,0,0,0,0,0,0,0,0,0,0,0,0,0,0,0,0,0,4046928,5711865
D4,45,Lake,2010,4508244,"BEST WESTERN HOTEL","1380 E BURLEIGH BLVD",TAVARES,32778,2508836,1,Food,"Routine - Food","Inspection Completed - No Further Action",10/09/2015,,,8,2,2,4,Y,0,0,1,0,1,1,0,1,0,0,0,0,0,0,0,1,0,0,0,0,0,0,0,0,2,0,0,0,0,0,0,0,0,0,1,0,0,0,0,0,0,0,0,0,0,0,0,0,0,0,0,0,0,0,0,0,0,0,3870884,5623607
D4,45,Lake,2010,4508245,"COMFORT SUITES","1202 AVENIDA CENTRAL","LADY LAKE",32159,2524601,1,Food,"Routine - Food","Inspection Completed - No Further Action",11/17/2015,,,1,0,0,1,Y,0,0,0,0,0,0,0,0,0,0,0,1,0,0,0,0,0,0,0,0,0,0,0,0,0,0,0,0,0,0,0,0,0,0,0,0,0,0,0,0,0,0,0,0,0,0,0,0,0,0,0,0,0,0,0,0,0,0,5725842,5646743
D4,45,Lake,2010,4508248,"NEW CENTURY BUFFET","1036 E HWY 50",CLERMONT,34711,2580756,1,Food,"Complaint Full","Warning Issued",04/19/2016,,,35,6,7,22,Y,0,1,2,0,0,1,0,8,0,0,1,1,1,2,0,0,0,0,0,0,0,5,5,0,0,0,0,0,0,0,0,0,0,0,0,4,0,1,0,1,1,0,0,0,0,0,0,0,0,0,0,0,1,0,0,0,0,0,5373623,5869589
D4,45,Lake,2010,4508248,"NEW CENTURY BUFFET","1036 E HWY 50",CLERMONT,34711,2520514,2,Food,"Routine - Food","Call Back - Complied",08/25/2015,,,16,1,6,9,Y,0,0,0,0,0,0,0,1,0,0,0,0,0,2,0,0,0,0,0,0,0,2,0,0,0,0,1,0,2,0,0,0,0,0,0,6,0,0,0,1,0,0,0,0,0,0,0,0,0,0,0,0,1,0,0,0,0,0,5373623,5718166
D4,45,Lake,2010,4508248,"NEW CENTURY BUFFET","1036 E HWY 50",CLERMONT,34711,2580756,2,Food,"Complaint Full","Call Back - Complied",04/29/2016,,,15,0,2,13,Y,0,0,0,0,0,0,0,0,0,0,0,0,0,2,0,0,0,0,0,0,0,1,5,0,0,0,0,0,0,0,0,0,0,0,0,4,0,1,0,1,0,0,0,0,0,0,0,0,0,0,0,0,1,0,0,0,0,0,5373623,5870738
D4,45,Lake,2010,4508248,"NEW CENTURY BUFFET","1036 E HWY 50",CLERMONT,34711,2520514,1,Food,"Routine - Food","Warning Issued",08/21/2015,,,34,5,13,16,Y,1,3,1,0,1,0,0,6,1,0,0,1,0,2,0,0,0,0,0,0,0,5,0,0,0,0,1,0,2,0,0,0,0,0,0,6,0,0,0,1,1,0,0,0,0,0,0,0,0,0,1,0,1,0,0,0,0,0,5373623,5640552
D4,45,Lake,2010,4508249,"MOSS GATE BED & BREAKFAST","210 ROSE ST., PO BOX 1664",UMATILLA,32784,2556092,1,Food,"Routine - Food","Inspection Completed - No Further Action",01/07/2016,,,2,0,0,2,Y,0,0,0,0,1,0,0,0,0,0,0,0,0,0,0,0,0,0,0,0,0,0,1,0,0,0,0,0,0,0,0,0,0,0,0,0,0,0,0,0,0,0,0,0,0,0,0,0,0,0,0,0,0,0,0,0,0,0,3048927,5755124
D4,45,Lake,2010,4508249,"MOSS GATE BED & BREAKFAST","210 ROSE ST., PO BOX 1664",UMATILLA,32784,2502691,1,Food,"Routine - Food","Inspection Completed - No Further Action",10/07/2015,,,1,0,1,0,Y,0,1,0,0,0,0,0,0,0,0,0,0,0,0,0,0,0,0,0,0,0,0,0,0,0,0,0,0,0,0,0,0,0,0,0,0,0,0,0,0,0,0,0,0,0,0,0,0,0,0,0,0,0,0,0,0,0,0,3048927,5614138
D4,45,Lake,2010,4508250,"PANERA BREAD #3354","2260 E HWY 50",CLERMONT,34711,2502337,2,Food,"Routine - Food","Call Back - Complied",10/07/2015,,,3,1,1,1,Y,0,0,0,0,0,0,0,0,0,0,0,0,0,1,0,1,0,0,0,0,0,0,0,0,0,0,0,0,1,0,0,0,0,0,0,0,0,0,0,0,0,0,0,0,0,0,0,0,0,0,0,0,0,0,0,0,0,0,2989957,5701459
D4,45,Lake,2010,4508250,"PANERA BREAD #3354","2260 E HWY 50",CLERMONT,34711,2502337,1,Food,"Routine - Food","Warning Issued",07/31/2015,,,9,1,3,5,Y,0,0,0,0,0,0,0,0,0,1,0,0,1,1,0,1,0,0,0,0,0,1,1,0,0,0,0,0,1,0,0,0,0,0,0,0,0,0,0,0,0,1,0,0,0,0,0,0,0,0,0,0,1,0,0,0,0,0,2989957,5613520
D4,45,Lake,2010,4508252,"OAKWOOD SMOKEHOUSE & GRILL","27745 HWY 27",LEESBURG,34748,2566932,1,Food,"Routine - Food","Inspection Completed - No Further Action",05/16/2016,,,16,2,2,12,Y,0,1,1,0,0,0,0,1,0,1,0,0,2,3,0,0,0,0,0,0,1,0,1,0,0,0,0,0,0,0,1,0,0,0,1,2,0,0,0,0,1,0,0,0,0,0,0,0,0,0,0,0,0,0,0,0,0,0,5655612,5793165
D4,45,Lake,2010,4508252,"OAKWOOD SMOKEHOUSE & GRILL","27745 HWY 27",LEESBURG,34748,2523352,1,Food,"Routine - Food","Inspection Completed - No Further Action",12/04/2015,,,9,1,2,6,Y,0,0,0,0,0,1,0,1,0,0,0,0,0,1,0,0,0,0,0,0,0,3,0,1,0,0,0,0,0,0,1,0,0,0,0,0,0,0,0,0,1,0,0,0,0,0,0,0,0,0,0,0,0,0,0,0,0,0,5655612,5644746
D4,45,Lake,2010,4508254,"SUBWAY #34365","2575 E HWY 50, STE A",CLERMONT,34711,2504297,1,Food,"Routine - Food","Inspection Completed - No Further Action",07/16/2015,,,3,1,0,2,Y,0,0,1,0,1,0,0,1,0,0,0,0,0,0,0,0,0,0,0,0,0,0,0,0,0,0,0,0,0,0,0,0,0,0,0,0,0,0,0,0,0,0,0,0,0,0,0,0,0,0,0,0,0,0,0,0,0,0,3073536,5616890
D4,45,Lake,2010,4508256,"CHESAPEAKE BAY GRILL","4467 ARLINGTON RIDGE BLVD",LEESBURG,34748,2527083,2,Food,"Routine - Food","Call Back - Complied",11/25/2015,,,0,0,0,0,Y,0,0,0,0,0,0,0,0,0,0,0,0,0,0,0,0,0,0,0,0,0,0,0,0,0,0,0,0,0,0,0,0,0,0,0,0,0,0,0,0,0,0,0,0,0,0,0,0,0,0,0,0,0,0,0,0,0,0,6010551,5786218
D4,45,Lake,2010,4508256,"CHESAPEAKE BAY GRILL","4467 ARLINGTON RIDGE BLVD",LEESBURG,34748,2527083,1,Food,"Routine - Food","Warning Issued",11/23/2015,,,5,1,2,2,Y,0,0,0,0,0,0,0,0,0,0,0,0,0,1,0,0,0,0,0,0,0,2,0,0,1,0,0,0,0,0,0,0,0,0,0,0,0,0,0,0,0,0,0,0,0,0,0,0,0,0,0,0,1,0,0,0,0,0,6010551,5650591
D4,45,Lake,2010,4508257,CHATHAMS,"4487 ARLINGTON RIDGE BLVD",LEESBURG,34748,2533199,1,Food,"Routine - Food","Inspection Completed - No Further Action",11/25/2015,,,0,0,0,0,Y,0,0,0,0,0,0,0,0,0,0,0,0,0,0,0,0,0,0,0,0,0,0,0,0,0,0,0,0,0,0,0,0,0,0,0,0,0,0,0,0,0,0,0,0,0,0,0,0,0,0,0,0,0,0,0,0,0,0,6014478,5660324
D4,45,Lake,2010,4508258,"CARRABBA'S ITALIAN GRILL","650 US HWY 441 N","THE VILLAGES",32159,2510595,1,Food,"Routine - Food","Inspection Completed - No Further Action",11/24/2015,,,5,2,0,3,Y,0,0,0,0,0,0,0,0,0,0,0,1,0,0,0,1,0,0,0,0,1,1,0,0,0,0,0,0,0,0,0,0,0,0,0,1,0,0,0,0,0,0,0,0,0,0,0,0,0,0,0,0,0,0,0,0,0,0,4046927,5626124
D4,45,Lake,2010,4508258,"CARRABBA'S ITALIAN GRILL","650 US HWY 441 N","THE VILLAGES",32159,2565110,1,Food,"Routine - Food","Inspection Completed - No Further Action",03/10/2016,,,2,0,0,2,Y,0,0,0,0,0,0,0,0,0,0,0,0,0,0,0,0,0,0,0,0,2,0,0,0,0,0,0,0,0,0,0,0,0,0,0,0,0,0,0,0,0,0,0,0,0,0,0,0,0,0,0,0,0,0,0,0,0,0,4046927,5787211
D4,45,Lake,2010,4508260,"OUTBACK STEAKHOUSE","710 US HWY 441 N","THE VILLAGES",32159,2563904,1,Food,"Routine - Food","Inspection Completed - No Further Action",03/10/2016,,,3,1,1,1,Y,0,0,0,0,0,0,0,0,0,0,0,1,0,0,0,0,0,0,0,0,0,1,0,0,0,0,0,0,1,0,0,0,0,0,0,0,0,0,0,0,0,0,0,0,0,0,0,0,0,0,0,0,0,0,0,0,0,0,4047209,5783526
D4,45,Lake,2010,4508260,"OUTBACK STEAKHOUSE","710 US HWY 441 N","THE VILLAGES",32159,2510607,1,Food,"Routine - Food","Inspection Completed - No Further Action",11/18/2015,,,5,2,2,1,Y,1,0,0,0,0,0,0,0,0,0,0,1,0,0,0,0,0,0,0,0,0,2,1,0,0,0,0,0,0,0,0,0,0,0,0,0,0,0,0,0,0,0,0,0,0,0,0,0,0,0,0,0,0,0,0,0,0,0,4047209,5626138
D4,45,Lake,2010,4508263,"BURGER KING #15498","534 US HWY 27",CLERMONT,34714,2583681,1,Food,"Complaint Full","Inspection Completed - No Further Action",06/03/2016,,,5,1,1,3,Y,0,0,0,0,0,0,0,0,0,0,0,0,0,0,0,0,0,0,0,0,0,0,0,0,0,0,0,0,0,0,2,0,0,0,1,0,0,0,0,0,1,0,0,0,0,0,0,0,0,0,2,0,0,0,0,0,0,0,5392303,5895548
D4,45,Lake,2010,4508263,"BURGER KING #15498","534 US HWY 27",CLERMONT,34714,2518339,1,Food,"Routine - Food","Inspection Completed - No Further Action",08/20/2015,,,3,0,0,3,Y,0,0,0,0,0,0,0,0,0,0,0,0,0,0,0,0,0,0,0,0,0,0,1,0,0,0,0,0,0,0,0,0,0,0,0,2,0,0,0,0,0,0,0,0,0,0,0,0,0,0,0,0,0,0,0,0,0,0,5392303,5637368
D4,45,Lake,2010,4508264,"CHICK-FIL-A AT THE VILLAGES","730 N HWY 441","LADY LAKE",32159,2502800,1,Food,"Routine - Food","Inspection Completed - No Further Action",11/30/2015,,,4,0,1,3,Y,0,0,0,0,1,0,0,0,0,0,0,0,0,1,0,0,0,0,0,0,0,1,0,1,0,0,0,0,0,0,0,0,0,0,0,0,0,0,0,0,0,0,0,0,0,0,0,0,0,0,0,0,0,0,0,0,0,0,3121709,5614339
D4,45,Lake,2010,4508264,"CHICK-FIL-A AT THE VILLAGES","730 N HWY 441","LADY LAKE",32159,2565773,1,Food,"Routine - Food","Warning Issued",02/05/2016,,,13,2,2,9,Y,0,0,0,0,1,0,0,1,0,0,0,3,0,2,0,0,0,0,0,0,1,1,2,0,0,0,0,0,0,0,0,0,0,0,0,1,0,0,0,0,0,0,0,0,0,0,0,0,0,0,0,0,1,0,0,0,0,0,3121709,5789996
D4,45,Lake,2010,4508264,"CHICK-FIL-A AT THE VILLAGES","730 N HWY 441","LADY LAKE",32159,2565773,2,Food,"Routine - Food","Call Back - Complied",04/08/2016,,,0,0,0,0,Y,0,0,0,0,0,0,0,0,0,0,0,0,0,0,0,0,0,0,0,0,0,0,0,0,0,0,0,0,0,0,0,0,0,0,0,0,0,0,0,0,0,0,0,0,0,0,0,0,0,0,0,0,0,0,0,0,0,0,3121709,5828777
D4,45,Lake,2010,4508265,"MOE'S SOUTHWEST GRILL","670 US HWY 441 N.","THE VILLAGES",32159,2502769,1,Food,"Routine - Food","Inspection Completed - No Further Action",11/18/2015,,,5,1,1,3,Y,0,0,0,0,0,0,0,0,0,0,0,1,0,0,0,0,0,0,0,0,0,1,2,0,0,0,0,0,0,0,0,1,0,0,0,0,0,0,0,0,0,0,0,0,0,0,0,0,0,0,0,0,0,0,0,0,0,0,3128701,5614285
D4,45,Lake,2010,4508265,"MOE'S SOUTHWEST GRILL","670 US HWY 441 N.","THE VILLAGES",32159,2563870,1,Food,"Routine - Food","Inspection Completed - No Further Action",02/19/2016,,,4,0,2,2,Y,0,0,0,0,0,0,0,0,0,0,0,0,0,1,0,0,0,0,0,0,0,1,1,0,0,0,0,0,0,0,0,0,0,0,0,0,0,0,0,0,0,0,0,0,0,0,0,0,0,0,0,0,1,0,0,0,0,0,3128701,5783486
D4,45,Lake,2010,4508268,"CHINA STAR GARDEN","668 E HWY 50",CLERMONT,34711,2557317,1,Food,"Routine - Food","Inspection Completed - No Further Action",05/20/2016,,,13,3,3,7,Y,0,1,1,0,1,2,0,2,0,0,0,1,0,1,0,0,0,0,0,0,0,0,0,0,0,0,0,0,0,0,1,0,0,0,0,2,0,0,0,1,0,0,0,0,0,0,0,0,0,0,0,0,0,0,0,0,0,0,4414492,5759536
D4,45,Lake,2010,4508268,"CHINA STAR GARDEN","668 E HWY 50",CLERMONT,34711,2517422,1,Food,"Routine - Food","Inspection Completed - No Further Action",10/15/2015,,,13,1,2,10,Y,0,1,0,0,0,0,0,3,0,0,0,1,1,1,0,0,0,0,0,0,0,0,0,0,1,0,0,0,0,0,2,0,0,0,0,3,0,0,0,0,0,0,0,0,0,0,0,0,0,0,0,0,0,0,0,0,0,0,4414492,5636014
D4,45,Lake,2010,4508272,"TACO BELL 22833","526 US HWY 27",CLERMONT,34714,2550827,1,Food,"Complaint Full","Inspection Completed - No Further Action",09/18/2015,,,5,1,1,3,Y,0,0,0,0,0,0,0,0,0,0,0,0,0,0,0,0,0,0,0,0,0,0,0,0,1,0,0,0,1,0,1,0,0,0,0,2,0,0,0,0,0,0,0,0,0,0,0,0,0,0,0,0,0,0,0,0,0,0,5284168,5735216
D4,45,Lake,2010,4508272,"TACO BELL 22833","526 US HWY 27",CLERMONT,34714,2516792,1,Food,"Routine - Food","Inspection Completed - No Further Action",08/20/2015,,,7,2,0,5,Y,0,0,1,0,0,0,0,0,0,0,0,0,0,1,0,1,0,0,0,0,0,0,0,0,0,0,0,0,1,0,1,0,1,0,0,1,0,0,0,0,0,0,0,0,0,0,0,0,0,0,0,0,0,0,0,0,0,0,5284168,5635111
D4,45,Lake,2010,4508274,"PLANET SMOOTHIE CAFE - NTC","1109 CITRUS TOWER BLVD",CLERMONT,34711,2535033,1,Food,"Routine - Food","Inspection Completed - No Further Action",07/30/2015,,,3,0,2,1,Y,0,1,0,0,0,0,0,1,0,0,0,0,0,0,0,0,0,0,0,0,0,0,0,0,0,0,0,0,0,0,1,0,0,0,0,0,0,0,0,0,0,0,0,0,0,0,0,0,0,0,0,0,0,0,0,0,0,0,6152584,5678605
D4,45,Lake,2010,4508276,"SUBWAY #20626","208 W GUAVA ST","LADY LAKE",32159,2561572,1,Food,"Complaint Full","Inspection Completed - No Further Action",11/09/2015,,,1,0,0,1,Y,0,0,0,0,0,0,0,0,0,0,0,0,0,0,0,0,0,0,0,0,0,0,0,1,0,0,0,0,0,0,0,0,0,0,0,0,0,0,0,0,0,0,0,0,0,0,0,0,0,0,0,0,0,0,0,0,0,0,3182173,5775168
D4,45,Lake,2010,4508277,"CHICK-FIL-A OF MOUNT DORA","17240 US 441","MOUNT DORA",32757,2557896,1,Food,"Routine - Food","Inspection Completed - No Further Action",06/13/2016,,,4,0,0,4,N,0,0,0,0,0,0,0,0,0,0,0,0,0,2,0,0,0,0,0,0,0,0,1,0,0,0,0,0,0,0,0,0,0,0,0,1,0,0,0,0,0,0,0,0,0,0,0,0,0,0,0,0,0,0,0,0,0,0,6052613,5761527
D4,45,Lake,2010,4508277,"CHICK-FIL-A OF MOUNT DORA","17240 US 441","MOUNT DORA",32757,2525594,1,Food,"Routine - Food","Inspection Completed - No Further Action",10/19/2015,,,11,1,5,5,Y,0,0,2,0,0,0,0,2,0,0,0,0,0,0,0,0,0,0,0,0,0,2,1,0,0,0,0,0,0,0,2,0,0,0,0,2,0,0,0,0,0,0,0,0,0,0,0,0,0,0,0,0,0,0,0,0,0,0,6052613,5648259
D4,45,Lake,2010,4508278,"CALABRIA RISTORANTE","13900 CR 455 #109B",CLERMONT,34711,2504374,1,Food,"Routine - Food","Inspection Completed - No Further Action",04/14/2016,,,10,2,1,7,Y,0,0,1,0,0,0,0,2,0,0,0,0,1,1,0,0,0,0,0,0,0,2,0,0,0,0,0,0,0,0,0,0,0,0,0,2,0,0,0,0,0,0,0,0,0,0,0,0,0,0,1,0,0,0,0,0,0,0,3196837,5617013
D4,45,Lake,2010,4508278,"CALABRIA RISTORANTE","13900 CR 455 #109B",CLERMONT,34711,2547420,1,Food,"Complaint Full","Inspection Completed - No Further Action",08/28/2015,,,11,2,2,7,Y,0,1,0,0,1,0,0,4,0,0,0,0,0,0,0,0,0,0,0,0,1,2,0,1,1,0,0,0,0,0,0,0,0,0,0,0,0,0,0,0,0,0,0,0,0,0,0,0,0,0,0,0,0,0,0,0,0,0,3196837,5722841
D4,45,Lake,2010,4508279,"TIJUANA FLATS BURRITO CO","10300 US HWY 441 STE# 1",LEESBURG,34788,2547221,1,Food,"Routine - Food","Inspection Completed - No Further Action",01/14/2016,,,5,1,1,3,Y,0,0,1,0,0,0,0,0,0,0,0,1,0,0,0,0,0,0,0,0,0,0,0,0,0,0,0,0,1,0,0,0,0,0,0,0,0,0,0,1,1,0,0,0,0,0,0,0,0,0,0,0,0,0,0,0,0,0,4200478,5722062
D4,45,Lake,2010,4508279,"TIJUANA FLATS BURRITO CO","10300 US HWY 441 STE# 1",LEESBURG,34788,2512852,1,Food,"Routine - Food","Warning Issued",08/25/2015,,,9,2,5,2,Y,0,0,5,0,0,0,0,0,0,0,0,0,1,0,0,0,0,0,0,0,0,1,0,1,0,0,0,0,0,0,1,0,0,0,0,0,0,0,0,0,0,0,0,0,0,0,0,0,0,0,0,0,0,0,0,0,0,0,4200478,5629254
D4,45,Lake,2010,4508279,"TIJUANA FLATS BURRITO CO","10300 US HWY 441 STE# 1",LEESBURG,34788,2512852,2,Food,"Routine - Food","Call Back - Complied",08/26/2015,,,0,0,0,0,Y,0,0,0,0,0,0,0,0,0,0,0,0,0,0,0,0,0,0,0,0,0,0,0,0,0,0,0,0,0,0,0,0,0,0,0,0,0,0,0,0,0,0,0,0,0,0,0,0,0,0,0,0,0,0,0,0,0,0,4200478,5721454
D4,45,Lake,2010,4508280,"GRANDVIEW BED  & BREAKFAST MOUNT DORA","442 E 3RD AVE","MOUNT DORA",32757,2572371,1,Food,"Food-Licensing Inspection","Inspection Completed - No Further Action",01/12/2016,,,0,0,0,0,Y,0,0,0,0,0,0,0,0,0,0,0,0,0,0,0,0,0,0,0,0,0,0,0,0,0,0,0,0,0,0,0,0,0,0,0,0,0,0,0,0,0,0,0,0,0,0,0,0,0,0,0,0,0,0,0,0,0,0,6321961,5811892
D4,45,Lake,2010,4508283,"MAMMA'S PIZZERIA","27405 US HWY 27 STE# 121",LEESBURG,34748,2509701,2,Food,"Routine - Food","Call Back - Complied",11/19/2015,,,0,0,0,0,Y,0,0,0,0,0,0,0,0,0,0,0,0,0,0,0,0,0,0,0,0,0,0,0,0,0,0,0,0,0,0,0,0,0,0,0,0,0,0,0,0,0,0,0,0,0,0,0,0,0,0,0,0,0,0,0,0,0,0,3949614,5783950
D4,45,Lake,2010,4508283,"MAMMA'S PIZZERIA","27405 US HWY 27 STE# 121",LEESBURG,34748,2509701,1,Food,"Routine - Food","Warning Issued",11/18/2015,,,5,2,2,1,Y,0,0,1,0,0,0,0,1,0,0,1,0,1,0,0,0,0,0,0,0,0,0,0,0,0,0,0,0,0,0,0,0,0,0,0,0,0,0,0,0,0,0,0,0,0,0,0,0,0,0,0,0,1,0,0,0,0,0,3949614,5624838
D4,45,Lake,2010,4508283,"MAMMA'S PIZZERIA","27405 US HWY 27 STE# 121",LEESBURG,34748,2564215,1,Food,"Routine - Food","Inspection Completed - No Further Action",05/16/2016,,,6,1,1,4,Y,0,0,0,0,0,0,0,1,0,1,0,0,0,0,0,1,0,0,0,0,0,0,0,1,0,0,0,0,0,0,0,0,1,0,0,1,0,0,0,0,0,0,0,0,0,0,0,0,0,0,0,0,0,0,0,0,0,0,3949614,5784388
D4,45,Lake,2010,4508285,"ADORA INN","610 N TREMAIN ST","MOUNT DORA",32757,2503246,1,Food,"Routine - Food","Inspection Completed - No Further Action",12/17/2015,,,0,0,0,0,Y,0,0,0,0,0,0,0,0,0,0,0,0,0,0,0,0,0,0,0,0,0,0,0,0,0,0,0,0,0,0,0,0,0,0,0,0,0,0,0,0,0,0,0,0,0,0,0,0,0,0,0,0,0,0,0,0,0,0,3240320,5615261
D4,45,Lake,2010,4508285,"ADORA INN","610 N TREMAIN ST","MOUNT DORA",32757,2583956,1,Food,"Routine - Food","Inspection Completed - No Further Action",06/08/2016,,,0,0,0,0,Y,0,0,0,0,0,0,0,0,0,0,0,0,0,0,0,0,0,0,0,0,0,0,0,0,0,0,0,0,0,0,0,0,0,0,0,0,0,0,0,0,0,0,0,0,0,0,0,0,0,0,0,0,0,0,0,0,0,0,3240320,5898011
D4,45,Lake,2010,4508288,"HAMPTON INN CLERMONT","2200 E HWY 50",CLERMONT,34711,2542690,1,Food,"Routine - Food","Inspection Completed - No Further Action",08/19/2015,,,3,1,0,2,Y,0,0,1,0,0,0,0,1,0,0,0,0,0,0,0,0,0,0,0,0,0,0,0,0,0,0,0,0,0,0,0,0,1,0,0,0,0,0,0,0,0,0,0,0,0,0,0,0,0,0,0,0,0,0,0,0,0,0,6212123,5705205
D4,45,Lake,2010,4508289,"CHECKERS/AUNTIE ANNE'S 3523","1450 JOHN'S LAKE ROAD",CLERMONT,34711,2565971,1,Food,"Food-Licensing Inspection","Inspection Completed - No Further Action",01/08/2016,,,0,0,0,0,Y,0,0,0,0,0,0,0,0,0,0,0,0,0,0,0,0,0,0,0,0,0,0,0,0,0,0,0,0,0,0,0,0,0,0,0,0,0,0,0,0,0,0,0,0,0,0,0,0,0,0,0,0,0,0,0,0,0,0,6295817,5790251
D4,45,Lake,2010,4508290,"PANDA EXPRESS #1222","869 N HWY 27/441","LADY LAKE",32159,2543992,1,Food,"Routine - Food","Inspection Completed - No Further Action",01/19/2016,,,2,0,0,2,Y,0,1,0,0,0,0,0,0,0,0,0,0,0,0,0,0,0,0,0,0,0,1,0,0,0,0,0,0,0,0,0,0,0,0,0,0,0,0,0,0,0,0,0,0,0,0,0,0,0,0,0,0,0,0,0,0,0,0,3273744,5710724
D4,45,Lake,2010,4508290,"PANDA EXPRESS #1222","869 N HWY 27/441","LADY LAKE",32159,2503527,1,Food,"Routine - Food","Warning Issued",08/12/2015,,,4,1,1,2,Y,0,0,1,0,0,0,0,0,0,0,0,0,0,0,0,0,0,0,0,0,0,0,0,1,0,0,0,0,0,0,0,0,0,0,0,0,0,0,0,0,0,0,0,0,0,0,0,0,0,0,1,0,1,0,0,0,0,0,3273744,5615749
D4,45,Lake,2010,4508290,"PANDA EXPRESS #1222","869 N HWY 27/441","LADY LAKE",32159,2503527,2,Food,"Routine - Food","Call Back - Complied",10/09/2015,,,0,0,0,0,Y,0,0,0,0,0,0,0,0,0,0,0,0,0,0,0,0,0,0,0,0,0,0,0,0,0,0,0,0,0,0,0,0,0,0,0,0,0,0,0,0,0,0,0,0,0,0,0,0,0,0,0,0,0,0,0,0,0,0,3273744,5710489
D4,45,Lake,2010,4508293,"TROY'S MARKETDELI INC","1200 OAKLEY SEAVER DR STE# 113",CLERMONT,34711,2510848,2,Food,"Routine - Food","Call Back - Complied",01/26/2016,,,2,0,2,0,Y,0,0,0,0,0,0,0,0,0,0,0,0,0,0,0,0,0,0,0,0,0,1,0,0,0,0,0,0,0,0,0,0,0,0,0,0,0,0,0,0,0,0,0,0,0,0,0,0,0,0,0,0,1,0,0,0,0,0,4057896,5784246
D4,45,Lake,2010,4508293,"TROY'S MARKETDELI INC","1200 OAKLEY SEAVER DR STE# 113",CLERMONT,34711,2510848,1,Food,"Routine - Food","Warning Issued",11/19/2015,,,10,2,4,4,Y,0,0,1,0,0,0,0,1,0,0,0,1,0,0,0,1,0,0,0,0,0,1,0,0,0,0,0,0,0,0,1,1,0,0,0,0,0,0,0,0,1,0,0,0,0,0,0,0,0,0,0,0,2,0,0,0,0,0,4057896,5626445
D4,45,Lake,2010,4508293,"TROY'S MARKETDELI INC","1200 OAKLEY SEAVER DR STE# 113",CLERMONT,34711,2564223,1,Food,"Routine - Food","Inspection Completed - No Further Action",01/26/2016,,,5,1,2,2,Y,0,0,1,0,0,0,0,0,0,0,0,0,2,0,0,0,0,0,0,0,0,1,0,0,0,0,0,0,0,0,1,0,0,0,0,0,0,0,0,0,0,0,0,0,0,0,0,0,0,0,0,0,0,0,0,0,0,0,4057896,5784398
D4,45,Lake,2010,4508294,"SUMMER BAY SALES & MARKETING","127 TOWN CENTER BLVD",CLERMONT,34714,2503399,1,Food,"Routine - Food","Inspection Completed - No Further Action",09/03/2015,,,5,2,2,1,Y,0,1,0,0,0,0,0,0,0,0,0,0,0,0,0,0,0,0,0,0,0,1,1,0,0,0,0,0,0,0,0,0,0,0,0,0,0,0,0,0,2,0,0,0,0,0,0,0,0,0,0,0,0,0,0,0,0,0,3270811,5615538
D4,45,Lake,2010,4508296,"HABANEROS MEXICAN GRILL","10601 HWY 441 UNIT 3",LEESBURG,34788,2503518,1,Food,"Routine - Food","Warning Issued",08/05/2015,,,14,3,2,9,Y,0,1,2,0,0,0,0,1,0,1,1,0,0,1,0,0,0,0,0,0,1,0,0,1,0,0,0,0,0,0,0,0,0,0,1,1,0,0,0,1,1,0,0,0,0,0,0,0,0,0,1,0,0,0,0,0,0,0,3284356,5615739
D4,45,Lake,2010,4508296,"HABANEROS MEXICAN GRILL","10601 HWY 441 UNIT 3",LEESBURG,34788,2542585,1,Food,"Routine - Food","Warning Issued",02/25/2016,,,24,1,12,11,Y,0,2,1,0,0,0,0,2,0,0,1,0,0,1,0,1,0,0,0,0,0,1,1,0,0,0,2,0,2,0,1,0,0,0,0,3,0,0,0,1,1,0,0,0,0,0,0,0,0,0,1,0,3,0,0,0,0,0,3284356,5705079
D4,45,Lake,2010,4508296,"HABANEROS MEXICAN GRILL","10601 HWY 441 UNIT 3",LEESBURG,34788,2503518,2,Food,"Routine - Food","Call Back - Complied",08/07/2015,,,1,0,0,1,Y,0,0,0,0,0,0,0,0,0,0,0,0,0,0,0,0,0,0,0,0,0,0,0,0,0,0,0,0,0,0,0,0,0,0,0,1,0,0,0,0,0,0,0,0,0,0,0,0,0,0,0,0,0,0,0,0,0,0,3284356,5704930
D4,45,Lake,2010,4508296,"HABANEROS MEXICAN GRILL","10601 HWY 441 UNIT 3",LEESBURG,34788,2542585,2,Food,"Routine - Food","Call Back - Extension given, pending",03/07/2016,,,2,0,2,0,Y,0,0,0,0,0,0,0,0,0,0,0,0,0,0,0,0,0,0,0,0,0,0,0,0,0,0,0,0,0,0,0,0,0,0,0,0,0,0,0,0,0,0,0,0,0,0,0,0,0,0,0,0,2,0,0,0,0,0,3284356,5840160
D4,45,Lake,2010,4508296,"HABANEROS MEXICAN GRILL","10601 HWY 441 UNIT 3",LEESBURG,34788,2542585,3,Food,"Routine - Food","Call Back - Admin. complaint recommended",04/26/2016,,,1,0,1,0,Y,0,0,0,0,0,0,0,0,0,0,0,0,0,0,0,0,0,0,0,0,0,0,0,0,0,0,0,0,0,0,0,0,0,0,0,0,0,0,0,0,0,0,0,0,0,0,0,0,0,0,0,0,1,0,0,0,0,0,3284356,5845336
D4,45,Lake,2010,4508297,"CHINA WOK","935 N CENTRAL AVENUE",UMATILLA,32784,2538776,1,Food,"Routine - Food","Warning Issued",04/20/2016,,,12,2,3,7,Y,0,1,1,0,0,0,0,1,0,0,0,0,0,0,0,0,0,0,0,0,1,2,1,0,1,0,0,0,1,0,2,0,0,0,0,1,0,0,0,0,0,0,0,0,0,1,0,0,0,0,0,0,0,0,0,0,0,0,4370622,5691743
D4,45,Lake,2010,4508297,"CHINA WOK","935 N CENTRAL AVENUE",UMATILLA,32784,2514970,2,Food,"Routine - Food","Call Back - Complied",09/28/2015,,,2,0,0,2,Y,0,0,0,0,0,0,0,0,0,0,0,0,0,2,0,0,0,0,0,0,0,0,0,0,0,0,0,0,0,0,0,0,0,0,0,0,0,0,0,0,0,0,0,0,0,0,0,0,0,0,0,0,0,0,0,0,0,0,4370622,5691450
D4,45,Lake,2010,4508297,"CHINA WOK","935 N CENTRAL AVENUE",UMATILLA,32784,2538776,2,Food,"Routine - Food","Call Back - Complied",04/27/2016,,,2,1,1,0,Y,0,0,1,0,0,0,0,0,0,0,0,0,0,0,0,0,0,0,0,0,0,0,0,0,0,0,0,0,0,0,1,0,0,0,0,0,0,0,0,0,0,0,0,0,0,0,0,0,0,0,0,0,0,0,0,0,0,0,4370622,5871460
D4,45,Lake,2010,4508297,"CHINA WOK","935 N CENTRAL AVENUE",UMATILLA,32784,2514970,1,Food,"Routine - Food","Warning Issued",07/20/2015,,,17,1,6,10,Y,0,0,1,0,0,0,0,1,0,0,1,0,0,5,0,0,0,0,0,0,0,0,0,0,0,0,0,0,0,0,3,0,0,0,0,3,0,0,0,0,1,1,0,0,0,0,0,0,0,0,0,0,1,0,0,0,0,0,4370622,5632414
D4,45,Lake,2010,4508300,"MOUNT DORA BREWING","427 S HIGHLAND ST","MOUNT DORA",32757,2518125,5,Food,"Routine - Food","Call Back - Complied",10/22/2015,,,0,0,0,0,Y,0,0,0,0,0,0,0,0,0,0,0,0,0,0,0,0,0,0,0,0,0,0,0,0,0,0,0,0,0,0,0,0,0,0,0,0,0,0,0,0,0,0,0,0,0,0,0,0,0,0,0,0,0,0,0,0,0,0,4397976,5758135
D4,45,Lake,2010,4508300,"MOUNT DORA BREWING","427 S HIGHLAND ST","MOUNT DORA",32757,2518125,2,Food,"Routine - Food","Call Back - Extension given, pending",10/12/2015,,,4,1,1,2,Y,0,0,0,0,0,0,0,0,0,0,0,0,0,0,0,0,0,0,0,0,0,1,2,0,0,0,0,0,0,0,0,0,0,0,0,0,0,0,0,0,0,0,0,0,0,0,0,0,0,0,0,0,1,0,0,0,0,0,4397976,5753845
D4,45,Lake,2010,4508300,"MOUNT DORA BREWING","427 S HIGHLAND ST","MOUNT DORA",32757,2518125,3,Food,"Routine - Food","Call Back - Extension given, pending",10/13/2015,,,4,1,1,2,Y,0,0,0,0,0,0,0,0,0,0,0,0,0,0,0,0,0,0,0,0,0,1,2,0,0,0,0,0,0,0,0,0,0,0,0,0,0,0,0,0,0,0,0,0,0,0,0,0,0,0,0,0,1,0,0,0,0,0,4397976,5755696
D4,45,Lake,2010,4508300,"MOUNT DORA BREWING","427 S HIGHLAND ST","MOUNT DORA",32757,2518125,4,Food,"Routine - Food","Call Back - Extension given, pending",10/14/2015,,,1,1,0,0,Y,0,0,0,0,0,0,0,0,0,0,0,0,0,0,0,0,0,0,0,0,0,1,0,0,0,0,0,0,0,0,0,0,0,0,0,0,0,0,0,0,0,0,0,0,0,0,0,0,0,0,0,0,0,0,0,0,0,0,4397976,5756814
D4,45,Lake,2010,4508300,"MOUNT DORA BREWING","427 S HIGHLAND ST","MOUNT DORA",32757,2555890,1,Food,"Routine - Food","Warning Issued",05/10/2016,,,9,2,4,3,Y,0,0,1,0,0,0,0,1,0,1,0,0,0,0,0,0,0,0,0,0,0,2,0,0,0,0,0,0,0,0,0,2,0,0,0,0,0,0,0,0,0,0,0,0,0,0,0,0,0,0,0,0,2,0,0,0,0,0,4397976,5754307
D4,45,Lake,2010,4508300,"MOUNT DORA BREWING","427 S HIGHLAND ST","MOUNT DORA",32757,2518125,1,Food,"Routine - Food","Warning Issued",10/08/2015,,,7,2,1,4,Y,0,0,0,0,0,0,0,0,0,1,0,0,0,0,0,0,0,0,0,0,0,1,2,0,0,0,0,0,0,0,0,0,0,0,0,0,0,0,0,1,1,0,0,0,0,0,0,0,0,0,0,0,1,0,0,0,0,0,4397976,5637058
D4,45,Lake,2010,4508301,"AY JALISCO","580 E HWY 50",CLERMONT,34711,2557260,1,Food,"Routine - Food","Inspection Completed - No Further Action",04/26/2016,,,9,1,2,6,Y,0,0,0,0,1,0,0,2,0,0,0,0,0,0,0,0,0,0,0,0,0,0,0,0,0,0,0,0,1,0,2,0,0,0,0,2,0,0,0,0,0,0,0,0,0,0,0,0,0,0,0,0,1,0,0,0,0,0,3319561,5759469
D4,45,Lake,2010,4508301,"AY JALISCO","580 E HWY 50",CLERMONT,34711,2504440,1,Food,"Routine - Food","Warning Issued",10/15/2015,,,12,2,4,6,Y,0,0,0,0,0,0,0,2,0,0,0,0,0,0,0,1,0,0,0,0,1,2,0,0,0,0,0,0,0,0,0,0,0,0,0,2,0,0,0,0,1,0,0,0,0,0,0,0,0,0,0,0,3,0,0,0,0,0,3319561,5617117
D4,45,Lake,2010,4508301,"AY JALISCO","580 E HWY 50",CLERMONT,34711,2504440,2,Food,"Routine - Food","Call Back - Complied",10/16/2015,,,0,0,0,0,Y,0,0,0,0,0,0,0,0,0,0,0,0,0,0,0,0,0,0,0,0,0,0,0,0,0,0,0,0,0,0,0,0,0,0,0,0,0,0,0,0,0,0,0,0,0,0,0,0,0,0,0,0,0,0,0,0,0,0,3319561,5759348
D4,45,Lake,2010,4508305,"CHILI'S GRILL & BAR","17419 US HWY 441","MOUNT DORA",32726-6749,2504587,1,Food,"Routine - Food","Warning Issued",10/12/2015,,,15,1,3,11,Y,0,1,1,0,0,0,0,0,0,0,0,0,0,1,0,2,0,0,0,0,0,4,4,0,0,0,0,0,0,0,0,0,0,0,0,2,0,0,0,0,0,0,0,0,0,0,0,0,0,0,0,0,0,0,0,0,0,0,3365943,5617360
D4,45,Lake,2010,4508305,"CHILI'S GRILL & BAR","17419 US HWY 441","MOUNT DORA",32726-6749,2504587,2,Food,"Routine - Food","Call Back - Complied",10/13/2015,,,8,0,1,7,Y,0,0,0,0,0,0,0,0,0,0,0,0,0,1,0,2,0,0,0,0,0,2,1,0,0,0,0,0,0,0,0,0,0,0,0,2,0,0,0,0,0,0,0,0,0,0,0,0,0,0,0,0,0,0,0,0,0,0,3365943,5755878
D4,45,Lake,2010,4508305,"CHILI'S GRILL & BAR","17419 US HWY 441","MOUNT DORA",32726-6749,2556390,1,Food,"Routine - Food","Inspection Completed - No Further Action",05/17/2016,,,7,1,2,4,Y,0,0,0,0,0,0,0,0,0,0,0,0,0,0,0,1,0,0,0,0,1,2,1,0,0,0,0,0,0,0,1,0,0,0,0,1,0,0,0,0,0,0,0,0,0,0,0,0,0,0,0,0,0,0,0,0,0,0,3365943,5756169
D4,45,Lake,2010,4508308,"CINNAMON INN","7241 LAKE OLA DR","MOUNT DORA",32757,2504778,1,Food,"Routine - Food","Inspection Completed - No Further Action",09/17/2015,,,1,0,0,1,Y,0,0,0,0,0,0,0,0,0,1,0,0,0,0,0,0,0,0,0,0,0,0,0,0,0,0,0,0,0,0,0,0,0,0,0,0,0,0,0,0,0,0,0,0,0,0,0,0,0,0,0,0,0,0,0,0,0,0,3381120,5617699
D4,45,Lake,2010,4508310,"EMILIANNAS TO GO","2621 STATE RD 19",TAVARES,32778,2504788,2,Food,"Routine - Food","Call Back - Complied",02/15/2016,,,5,0,0,5,Y,0,0,0,0,0,0,0,2,0,0,0,0,0,1,0,0,0,0,0,0,0,0,1,0,0,0,0,0,0,0,0,0,0,0,1,0,0,0,0,0,0,0,0,0,0,0,0,0,0,0,0,0,0,0,0,0,0,0,3389998,5799959
D4,45,Lake,2010,4508310,"EMILIANNAS TO GO","2621 STATE RD 19",TAVARES,32778,2504788,1,Food,"Routine - Food","Warning Issued",12/15/2015,,,11,2,2,7,Y,0,0,0,0,1,0,0,3,1,0,0,0,1,1,0,0,0,0,0,0,0,1,1,0,0,0,0,0,0,0,0,0,0,0,1,0,0,0,0,0,0,0,0,0,0,0,0,0,0,0,0,0,1,0,0,0,0,0,3389998,5617709
D4,45,Lake,2010,4508310,"EMILIANNAS TO GO","2621 STATE RD 19",TAVARES,32778,2447785,3,Food,"Routine - Food","Call Back - Complied",07/16/2015,,,0,0,0,0,Y,0,0,0,0,0,0,0,0,0,0,0,0,0,0,0,0,0,0,0,0,0,0,0,0,0,0,0,0,0,0,0,0,0,0,0,0,0,0,0,0,0,0,0,0,0,0,0,0,0,0,0,0,0,0,0,0,0,0,3389998,5577612
D4,45,Lake,2010,4508311,"SHEAS FAT CATS","2721 W OLD US HWY 441","MOUNT DORA",32757,2532947,1,Food,"Routine - Food","Inspection Completed - No Further Action",08/21/2015,,,7,1,2,4,Y,0,0,0,0,1,0,0,1,0,0,0,0,0,1,0,0,0,0,0,0,0,1,0,0,0,0,0,0,0,0,1,0,0,0,0,2,0,0,0,0,0,0,0,0,0,0,0,0,0,0,0,0,0,0,0,0,0,0,5811080,5659945
D4,45,Lake,2010,4508312,"FIESTA GRANDE MEXICAN GRILL","421B BAKER ST.","MOUNT DORA",32757,2504784,1,Food,"Routine - Food","Inspection Completed - No Further Action",11/16/2015,,,7,1,1,5,Y,0,0,1,0,0,0,0,1,0,0,0,1,0,0,0,1,0,0,0,0,0,1,0,0,0,0,0,0,0,0,0,0,0,0,0,2,0,0,0,0,0,0,0,0,0,0,0,0,0,0,0,0,0,0,0,0,0,0,3408731,5617705
D4,45,Lake,2010,4508312,"FIESTA GRANDE MEXICAN GRILL","421B BAKER ST.","MOUNT DORA",32757,2583251,1,Food,"Complaint Full","Inspection Completed - No Further Action",05/27/2016,,,6,0,1,5,Y,0,0,0,0,1,0,0,0,0,0,0,0,0,0,0,0,0,0,0,0,1,0,1,0,0,0,0,0,1,0,0,0,0,0,0,2,0,0,0,0,0,0,0,0,0,0,0,0,0,0,0,0,0,0,0,0,0,0,3408731,5892207
D4,45,Lake,2010,4508312,"FIESTA GRANDE MEXICAN GRILL","421B BAKER ST.","MOUNT DORA",32757,2585181,1,Food,"Complaint Partial","Inspection Completed - No Further Action",06/24/2016,,,0,0,0,0,Y,0,0,0,0,0,0,0,0,0,0,0,0,0,0,0,0,0,0,0,0,0,0,0,0,0,0,0,0,0,0,0,0,0,0,0,0,0,0,0,0,0,0,0,0,0,0,0,0,0,0,0,0,0,0,0,0,0,0,3408731,5907771
D4,45,Lake,2010,4508313,"SUSHI STORM","13900 COUNTY ROAD 455 #109A",CLERMONT,34711,2517207,1,Food,"Routine - Food","Inspection Completed - No Further Action",09/22/2015,,,11,4,1,6,Y,0,0,2,0,0,1,0,1,0,1,0,2,0,0,0,0,0,0,0,0,0,1,2,0,0,0,0,0,1,0,0,0,0,0,0,0,0,0,0,0,0,0,0,0,0,0,0,0,0,0,0,0,0,0,0,0,0,0,5306706,5635710
D4,45,Lake,2010,4508313,"SUSHI STORM","13900 COUNTY ROAD 455 #109A",CLERMONT,34711,2552493,1,Food,"Routine - Food","Warning Issued",04/14/2016,,,5,1,1,3,Y,0,0,0,0,0,0,0,1,0,0,0,0,0,0,0,0,0,0,0,0,0,0,1,1,0,0,1,0,0,0,0,0,0,0,1,0,0,0,0,0,0,0,0,0,0,0,0,0,0,0,0,0,0,0,0,0,0,0,5306706,5741409
D4,45,Lake,2010,4508313,"SUSHI STORM","13900 COUNTY ROAD 455 #109A",CLERMONT,34711,2552493,2,Food,"Routine - Food","Call Back - Complied",06/15/2016,,,0,0,0,0,Y,0,0,0,0,0,0,0,0,0,0,0,0,0,0,0,0,0,0,0,0,0,0,0,0,0,0,0,0,0,0,0,0,0,0,0,0,0,0,0,0,0,0,0,0,0,0,0,0,0,0,0,0,0,0,0,0,0,0,5306706,5868274
D4,45,Lake,2010,4508314,"GATORS DOCKSIDE","1200 OAKLEY SEAVER DR",CLERMONT,34711,2555751,1,Food,"Complaint Full","Inspection Completed - No Further Action",10/09/2015,,,14,1,4,9,Y,0,1,1,0,0,0,0,1,0,1,0,1,0,2,0,0,0,0,0,0,1,1,2,0,0,0,0,0,1,0,2,0,0,0,0,0,0,0,0,0,0,0,0,0,0,0,0,0,0,0,0,0,0,0,0,0,0,0,3430127,5753799
D4,45,Lake,2010,4508314,"GATORS DOCKSIDE","1200 OAKLEY SEAVER DR",CLERMONT,34711,2505080,1,Food,"Routine - Food","Warning Issued",05/19/2016,,,22,6,6,10,Y,1,1,1,0,1,0,0,2,0,0,0,0,0,0,0,1,0,0,0,0,0,4,1,2,0,0,2,0,1,0,0,0,0,0,1,2,0,0,0,0,2,0,0,0,0,0,0,0,0,0,0,0,0,0,0,0,0,0,3430127,5618134
D4,45,Lake,2010,4508314,"GATORS DOCKSIDE","1200 OAKLEY SEAVER DR",CLERMONT,34711,2505080,2,Food,"Routine - Food","Call Back - Admin. complaint recommended",05/20/2016,,,5,1,1,3,Y,0,0,1,0,0,0,0,0,0,0,0,0,0,0,0,0,0,0,0,0,0,1,1,1,0,0,0,0,1,0,0,0,0,0,0,0,0,0,0,0,0,0,0,0,0,0,0,0,0,0,0,0,0,0,0,0,0,0,3430127,5888738
D4,45,Lake,2010,4508315,"CHILI'S GRILL & BAR","708 CAGAN VIEW RD",CLERMONT,34714,2504914,1,Food,"Routine - Food","Inspection Completed - No Further Action",07/15/2015,,,24,3,4,17,Y,0,0,1,0,1,0,0,2,0,2,0,0,0,1,0,1,0,0,0,0,0,4,2,1,1,0,0,0,1,0,0,0,1,0,1,3,0,0,0,1,0,0,0,0,0,0,0,0,0,1,0,0,0,0,0,0,0,0,3428501,5617892
D4,45,Lake,2010,4508315,"CHILI'S GRILL & BAR","708 CAGAN VIEW RD",CLERMONT,34714,2537748,1,Food,"Routine - Food","Inspection Completed - No Further Action",01/19/2016,,,10,0,3,7,Y,0,2,0,0,1,0,0,1,0,1,0,0,0,1,0,0,0,0,0,0,0,1,0,0,0,0,0,0,0,0,1,0,0,0,0,2,0,0,0,0,0,0,0,0,0,0,0,0,0,0,0,0,0,0,0,0,0,0,3428501,5688615
D4,45,Lake,2010,4508318,"DOMINOS PIZZA","1930 N SR 19",EUSTIS,32726,2515330,3,Food,"Routine - Food","Call Back - Complied",11/12/2015,,,0,0,0,0,Y,0,0,0,0,0,0,0,0,0,0,0,0,0,0,0,0,0,0,0,0,0,0,0,0,0,0,0,0,0,0,0,0,0,0,0,0,0,0,0,0,0,0,0,0,0,0,0,0,0,0,0,0,0,0,0,0,0,0,4390210,5756942
D4,45,Lake,2010,4508318,"DOMINOS PIZZA","1930 N SR 19",EUSTIS,32726,2515330,1,Food,"Routine - Food","Warning Issued",09/11/2015,,,7,0,2,5,Y,0,0,0,0,0,0,0,0,0,0,0,0,0,0,0,1,0,0,0,0,0,0,1,0,0,0,0,0,0,0,1,0,0,0,0,1,0,0,0,0,0,1,0,0,0,0,0,0,0,1,0,0,1,0,0,0,0,0,4390210,5632954
D4,45,Lake,2010,4508318,"DOMINOS PIZZA","1930 N SR 19",EUSTIS,32726,2515330,2,Food,"Routine - Food","Call Back - Admin. complaint recommended",10/12/2015,,,3,0,1,2,Y,0,0,0,0,0,0,0,0,0,0,0,0,0,0,0,0,0,0,0,0,0,0,0,0,0,0,0,0,0,0,1,0,0,0,0,0,0,0,0,0,0,0,0,0,0,0,0,0,0,1,0,0,1,0,0,0,0,0,4390210,5734152
D4,45,Lake,2010,4508321,"SR TEQUILA INC","16745 CAGAN CROSSING BLVD #101",CLERMONT,34714,2549659,1,Food,"Complaint Full","Warning Issued",09/10/2015,,,17,5,3,9,Y,1,1,1,0,0,0,0,0,0,0,0,0,0,2,0,0,0,0,0,0,0,3,1,0,0,0,0,1,0,0,0,0,2,0,0,1,0,0,0,0,1,1,0,0,0,0,0,0,0,0,1,0,1,0,0,0,0,0,6069611,5731304
D4,45,Lake,2010,4508321,"SR TEQUILA INC","16745 CAGAN CROSSING BLVD #101",CLERMONT,34714,2549659,2,Food,"Complaint Full","Call Back - Extension given, pending",09/11/2015,,,10,2,1,7,Y,0,0,1,0,0,0,0,0,0,0,0,0,0,1,0,0,0,0,0,0,0,2,1,0,0,0,0,1,0,0,0,0,2,0,0,1,0,0,0,0,0,0,0,0,0,0,0,0,0,0,1,0,0,0,0,0,0,0,6069611,5732271
D4,45,Lake,2010,4508321,"SR TEQUILA INC","16745 CAGAN CROSSING BLVD #101",CLERMONT,34714,2537216,1,Food,"Routine - Food","Administrative complaint recommended",04/20/2016,,,16,3,7,6,Y,0,0,0,0,0,0,0,1,0,0,0,0,0,1,0,0,0,0,0,0,0,4,2,0,0,0,0,1,0,0,2,0,0,0,0,1,0,0,0,0,1,0,0,0,0,0,0,0,0,0,1,0,2,0,0,0,0,0,6069611,5686362
D4,45,Lake,2010,4508321,"SR TEQUILA INC","16745 CAGAN CROSSING BLVD #101",CLERMONT,34714,2537216,3,Food,"Routine - Food","Call Back - Admin. complaint recommended",06/27/2016,,,5,1,1,3,Y,0,0,0,0,0,0,0,0,0,0,0,0,0,0,0,0,0,0,0,0,0,0,2,0,0,0,0,1,0,0,0,0,0,0,0,1,0,0,0,0,0,0,0,0,0,0,0,0,0,0,0,0,1,0,0,0,0,0,6069611,5872427
D4,45,Lake,2010,4508321,"SR TEQUILA INC","16745 CAGAN CROSSING BLVD #101",CLERMONT,34714,2537216,2,Food,"Routine - Food","Call Back - Extension given, pending",04/21/2016,,,12,1,6,5,Y,0,0,0,0,0,0,0,0,0,0,0,0,0,1,0,0,0,0,0,0,0,3,2,0,0,0,0,1,0,0,2,0,0,0,0,1,0,0,0,0,0,0,0,0,0,0,0,0,0,0,1,0,1,0,0,0,0,0,6069611,5871358
D4,45,Lake,2010,4508321,"SR TEQUILA INC","16745 CAGAN CROSSING BLVD #101",CLERMONT,34714,2526992,3,Food,"Routine - Food","Admin. Complaint Callback Not Complied",04/20/2016,,,1,1,0,0,Y,0,0,0,0,0,0,0,0,0,0,0,0,0,0,0,0,0,0,0,0,0,0,0,0,0,0,0,1,0,0,0,0,0,0,0,0,0,0,0,0,0,0,0,0,0,0,0,0,0,0,0,0,0,0,0,0,0,0,6069611,5868035
D4,45,Lake,2010,4508321,"SR TEQUILA INC","16745 CAGAN CROSSING BLVD #101",CLERMONT,34714,2526992,1,Food,"Routine - Food","Warning Issued",07/13/2015,,,18,3,8,7,Y,1,1,1,0,0,0,0,1,0,0,0,1,0,0,0,0,0,0,0,0,0,4,1,0,0,0,0,1,0,0,4,0,0,0,0,0,0,0,0,0,0,1,0,0,0,0,0,0,0,0,1,0,1,0,0,0,0,0,6069611,5650435
D4,45,Lake,2010,4508321,"SR TEQUILA INC","16745 CAGAN CROSSING BLVD #101",CLERMONT,34714,2558953,1,Food,"Complaint Full","Warning Issued",10/26/2015,,,15,2,4,9,Y,0,1,0,0,0,0,0,2,0,0,0,1,1,1,0,0,0,0,0,0,0,1,1,0,0,0,0,1,0,0,1,0,0,0,0,1,0,0,0,1,1,1,0,0,0,0,0,0,0,0,0,0,1,0,0,0,0,0,6069611,5765851
D4,45,Lake,2010,4508321,"SR TEQUILA INC","16745 CAGAN CROSSING BLVD #101",CLERMONT,34714,2483213,2,Food,"Routine - Food","Call Back - Complied",07/13/2015,,,5,0,1,4,Y,0,0,0,0,0,0,0,0,0,0,0,0,0,0,0,0,0,0,0,0,0,1,1,0,0,0,0,0,0,0,1,0,0,0,0,0,0,0,0,0,0,0,0,0,0,0,0,0,0,0,2,0,0,0,0,0,0,0,6069611,5557207
D4,45,Lake,2010,4508321,"SR TEQUILA INC","16745 CAGAN CROSSING BLVD #101",CLERMONT,34714,2549659,3,Food,"Complaint Full","Call Back - Admin. complaint recommended",09/18/2015,,,7,1,1,5,Y,0,0,0,0,0,0,0,0,0,0,0,0,0,1,0,0,0,0,0,0,0,1,1,0,0,0,0,1,0,0,0,0,1,0,0,1,0,0,0,0,0,0,0,0,0,0,0,0,0,0,1,0,0,0,0,0,0,0,6069611,5733751
D4,45,Lake,2010,4508321,"SR TEQUILA INC","16745 CAGAN CROSSING BLVD #101",CLERMONT,34714,2558953,2,Food,"Complaint Full","Call Back - Complied",01/04/2016,,,6,1,0,5,Y,0,0,0,0,0,0,0,0,0,0,0,0,1,1,0,0,0,0,0,0,0,0,1,0,0,0,0,1,0,0,0,0,0,0,0,1,0,0,0,0,0,1,0,0,0,0,0,0,0,0,0,0,0,0,0,0,0,0,6069611,5767740
D4,45,Lake,2010,4508321,"SR TEQUILA INC","16745 CAGAN CROSSING BLVD #101",CLERMONT,34714,2526992,2,Food,"Routine - Food","Call Back - Admin. complaint recommended",09/18/2015,,,4,1,1,2,Y,0,0,0,0,0,0,0,0,0,0,0,0,0,0,0,0,0,0,0,0,0,1,1,0,0,0,0,1,0,0,0,0,0,0,0,0,0,0,0,0,0,0,0,0,0,0,0,0,0,0,1,0,0,0,0,0,0,0,6069611,5685890
D4,45,Lake,2010,4508324,"A RAE RAE'S RESTAURANT","2468 US HWY 441/27 #101","FRUITLAND PARK",34731,2524279,1,Food,"Routine - Food","Inspection Completed - No Further Action",08/12/2015,,,9,3,3,3,Y,0,0,1,0,0,0,0,0,0,0,0,0,1,1,0,1,0,0,0,0,0,1,0,1,0,0,0,0,1,0,2,0,0,0,0,0,0,0,0,0,0,0,0,0,0,0,1,0,0,0,0,0,0,0,0,0,0,0,5894947,5646229
D4,45,Lake,2010,4508324,"A RAE RAE'S RESTAURANT","2468 US HWY 441/27 #101","FRUITLAND PARK",34731,2544136,1,Food,"Routine - Food","Warning Issued",05/24/2016,,,18,4,5,9,Y,0,1,2,0,0,0,0,1,1,0,0,1,0,1,0,0,0,0,0,0,0,1,1,0,1,0,0,0,0,0,1,1,0,0,1,0,0,0,0,1,1,0,0,0,0,0,0,0,0,0,0,0,3,0,0,0,0,0,5894947,5710887
D4,45,Lake,2010,4508325,"OAK WOOD SMOKE HOUSE AND GRILL","230 CITRUS TOWER BLVD",CLERMONT,34711,2505352,1,Food,"Routine - Food","Inspection Completed - No Further Action",10/20/2015,,,11,2,5,4,Y,0,0,0,0,0,0,0,0,0,1,0,0,0,0,0,0,0,0,0,0,0,4,0,0,0,0,0,0,1,0,1,0,0,0,0,2,0,0,0,0,1,1,0,0,0,0,0,0,0,0,0,0,0,0,0,0,0,0,3492568,5618533
D4,45,Lake,2010,4508325,"OAK WOOD SMOKE HOUSE AND GRILL","230 CITRUS TOWER BLVD",CLERMONT,34711,2558093,2,Food,"Routine - Food","Call Back - Extension given, pending",05/23/2016,,,5,1,2,2,Y,0,0,0,0,0,0,0,0,0,0,0,0,0,0,0,0,0,0,0,0,0,1,0,0,0,0,0,0,0,0,0,0,0,0,1,2,0,0,0,0,0,0,0,0,0,0,0,0,0,0,0,0,1,0,0,0,0,0,3492568,5889248
D4,45,Lake,2010,4508325,"OAK WOOD SMOKE HOUSE AND GRILL","230 CITRUS TOWER BLVD",CLERMONT,34711,2558093,1,Food,"Routine - Food","Warning Issued",05/20/2016,,,15,2,8,5,Y,0,0,1,0,0,0,0,0,0,0,0,1,1,0,0,0,0,0,0,0,0,2,2,0,0,0,2,0,0,0,2,0,0,0,1,2,0,0,0,0,0,0,0,0,0,0,0,0,0,0,0,0,1,0,0,0,0,0,3492568,5762483
D4,45,Lake,2010,4508328,"GURU RESTAURANT","2400 US 27 S #101",CLERMONT,34711,2557376,1,Food,"Routine - Food","Inspection Completed - No Further Action",05/23/2016,,,4,2,0,2,Y,0,0,0,0,0,0,0,1,0,0,0,0,1,0,0,0,0,0,0,0,0,0,0,0,0,0,0,0,0,0,0,0,0,0,0,0,0,0,0,0,1,1,0,0,0,0,0,0,0,0,0,0,0,0,0,0,0,0,5927397,5759611
D4,45,Lake,2010,4508328,"GURU RESTAURANT","2400 US 27 S #101",CLERMONT,34711,2527553,1,Food,"Routine - Food","Inspection Completed - No Further Action",10/15/2015,,,5,0,2,3,Y,0,1,0,0,1,0,0,0,0,0,0,0,0,0,0,0,0,0,0,0,1,0,0,0,0,0,1,0,0,0,0,0,0,0,0,0,0,0,0,0,0,1,0,0,0,0,0,0,0,0,0,0,0,0,0,0,0,0,5927397,5651344
D4,45,Lake,2010,4508329,"PERKINS RESTAURANT & BAKERY #1049","27811 US HWY 27",LEESBURG,34748,2566890,1,Food,"Routine - Food","Inspection Completed - No Further Action",05/16/2016,,,14,2,2,10,Y,0,0,0,0,0,0,0,1,0,0,0,1,0,1,0,0,0,0,0,0,0,1,3,0,0,0,1,0,0,0,0,0,0,0,0,2,0,0,0,1,1,1,0,0,0,0,0,0,0,1,0,0,0,0,0,0,0,0,5278180,5793118
D4,45,Lake,2010,4508329,"PERKINS RESTAURANT & BAKERY #1049","27811 US HWY 27",LEESBURG,34748,2516945,1,Food,"Routine - Food","Inspection Completed - No Further Action",12/04/2015,,,11,1,1,9,Y,0,1,0,0,0,0,0,3,0,1,0,0,1,0,0,0,0,0,0,0,0,0,2,0,1,0,0,0,0,0,0,0,0,0,0,0,0,0,0,0,1,0,0,0,0,0,0,0,0,1,0,0,0,0,0,0,0,0,5278180,5635342
D4,45,Lake,2010,4508330,"ATHENS NY RESTAURANT","994  DEL MAR DRIVE","THE VILLAGES",32159,2546141,3,Food,"Complaint Full","Call Back - Complied",10/28/2015,,,0,0,0,0,Y,0,0,0,0,0,0,0,0,0,0,0,0,0,0,0,0,0,0,0,0,0,0,0,0,0,0,0,0,0,0,0,0,0,0,0,0,0,0,0,0,0,0,0,0,0,0,0,0,0,0,0,0,0,0,0,0,0,0,5326870,5720338
D4,45,Lake,2010,4508330,"ATHENS NY RESTAURANT","994  DEL MAR DRIVE","THE VILLAGES",32159,2546141,1,Food,"Complaint Full","Warning Issued",08/24/2015,,,13,3,4,6,Y,0,1,0,0,0,0,0,1,1,0,1,1,1,1,0,0,0,0,0,0,1,0,1,0,1,0,0,0,1,0,1,0,0,0,0,0,0,0,0,0,0,0,0,0,0,0,0,0,0,0,0,0,1,0,0,0,0,0,5326870,5717889
D4,45,Lake,2010,4508330,"ATHENS NY RESTAURANT","994  DEL MAR DRIVE","THE VILLAGES",32159,2546141,2,Food,"Complaint Full","Call Back - Extension given, pending",08/25/2015,,,2,0,1,1,Y,0,0,0,0,0,0,0,0,0,0,0,0,0,0,0,0,0,0,0,0,0,0,0,0,0,0,0,0,1,0,0,0,0,0,0,0,0,0,0,0,0,0,0,0,0,0,0,0,0,0,0,0,1,0,0,0,0,0,5326870,5719207
D4,45,Lake,2010,4508332,"SAN JOSES ORIGINAL MEXICAN RESTAURANT","4315 HIGHWAY 27 SUITE A-1",CLERMONT,34711,2505767,1,Food,"Routine - Food","Warning Issued",07/23/2015,,,21,3,8,10,Y,1,1,2,0,0,0,0,2,0,1,0,1,0,1,0,0,0,0,0,0,0,5,1,0,0,0,1,0,0,0,0,0,0,0,0,2,0,1,0,1,0,0,0,0,0,0,0,0,0,0,0,0,1,0,0,0,0,0,3542531,5619187
D4,45,Lake,2010,4508332,"SAN JOSES ORIGINAL MEXICAN RESTAURANT","4315 HIGHWAY 27 SUITE A-1",CLERMONT,34711,2539720,1,Food,"Routine - Food","Inspection Completed - No Further Action",02/11/2016,,,10,0,3,7,Y,0,1,0,0,0,0,0,1,0,0,0,2,0,0,0,0,0,0,0,0,1,0,0,0,0,0,0,0,1,0,2,0,0,0,0,1,0,0,0,1,0,0,0,0,0,0,0,0,0,0,0,0,0,0,0,0,0,0,3542531,5695045
D4,45,Lake,2010,4508332,"SAN JOSES ORIGINAL MEXICAN RESTAURANT","4315 HIGHWAY 27 SUITE A-1",CLERMONT,34711,2505767,2,Food,"Routine - Food","Call Back - Complied",07/27/2015,,,5,0,1,4,Y,0,0,0,0,0,0,0,1,0,0,0,0,0,0,0,0,0,0,0,0,0,0,0,0,0,0,0,0,0,0,0,0,0,0,0,2,0,1,0,0,0,0,0,0,0,0,0,0,0,0,0,0,1,0,0,0,0,0,3542531,5694825
D4,45,Lake,2010,4508333,AKINA,"4300 S HIGHWAY 27",CLERMONT,34711,2505752,1,Food,"Routine - Food","Inspection Completed - No Further Action",10/07/2015,,,2,1,0,1,Y,0,0,0,0,0,0,0,0,0,1,0,0,0,0,0,0,0,0,0,0,0,0,0,0,0,0,0,0,0,0,0,0,0,0,0,0,0,0,0,0,1,0,0,0,0,0,0,0,0,0,0,0,0,0,0,0,0,0,3536414,5619164
D4,45,Lake,2010,4508333,AKINA,"4300 S HIGHWAY 27",CLERMONT,34711,2555557,1,Food,"Routine - Food","Inspection Completed - No Further Action",05/25/2016,,,4,0,0,4,Y,0,0,0,0,0,0,0,0,0,2,0,1,0,0,0,0,0,0,0,0,0,0,0,0,0,0,0,0,0,0,0,0,0,0,0,1,0,0,0,0,0,0,0,0,0,0,0,0,0,0,0,0,0,0,0,0,0,0,3536414,5753267
D4,45,Lake,2010,4508334,"PIZZA HUT","8425 US HWY 441 #102",LEESBURG,34788,2512166,1,Food,"Routine - Food","Inspection Completed - No Further Action",10/13/2015,,,1,0,0,1,Y,0,0,0,0,0,0,0,0,0,0,0,0,0,0,0,0,0,0,0,0,0,0,0,1,0,0,0,0,0,0,0,0,0,0,0,0,0,0,0,0,0,0,0,0,0,0,0,0,0,0,0,0,0,0,0,0,0,0,4147699,5628248
D4,45,Lake,2010,4508336,"DOMINOS PIZZA","240 CITRUS TOWER BLVD SUITE H",CLERMONT,34711,2505795,1,Food,"Routine - Food","Inspection Completed - No Further Action",09/22/2015,,,4,1,2,1,Y,0,0,2,0,0,0,0,0,0,0,0,1,0,0,0,0,0,0,0,0,0,0,0,0,0,0,0,0,0,0,0,0,0,0,0,0,0,0,0,0,0,0,0,0,0,0,0,0,0,0,0,0,1,0,0,0,0,0,3559123,5619233
