D7,46,Lee,2010,4606925,"FIRST WATCH RESTAURANT","8061 DANI DRIVE UNIT 100","FORT MYERS",33966,2554864,2,Food,"Food-Licensing Inspection","Call Back - Complied",01/19/2016,,,2,0,2,0,Y,0,0,0,0,0,0,0,0,0,0,0,0,0,0,0,0,0,0,0,0,0,0,0,0,0,0,0,0,0,0,2,0,0,0,0,0,0,0,0,0,0,0,0,0,0,0,0,0,0,0,0,0,0,0,0,0,0,0,6260304,5815230
D7,46,Lee,2010,4606926,"FISH HOUSE FMB","320 OLD SAN CARLOS BLVD","FORT MYERS BEACH",33931,2540225,1,Food,"Food-Licensing Inspection","Inspection Completed - No Further Action",01/20/2016,,,0,0,0,0,Y,0,0,0,0,0,0,0,0,0,0,0,0,0,0,0,0,0,0,0,0,0,0,0,0,0,0,0,0,0,0,0,0,0,0,0,0,0,0,0,0,0,0,0,0,0,0,0,0,0,0,0,0,0,0,0,0,0,0,6198221,5696587
D7,46,Lee,2010,4606926,"FISH HOUSE FMB","320 OLD SAN CARLOS BLVD","FORT MYERS BEACH",33931,2626669,1,Food,"Routine - Food","Inspection Completed - No Further Action",07/01/2016,,,14,4,5,5,Y,0,0,1,0,0,1,0,1,0,0,0,2,1,0,0,1,0,0,0,0,1,2,0,0,0,0,0,0,0,0,1,0,1,0,0,0,0,0,0,1,1,0,0,0,0,0,0,0,0,0,0,0,0,0,0,0,0,0,6198221,5978900
D7,46,Lee,2010,4606927,"SWEETWATER WINGS & RIBS","3334 CLEVELAND AVE","FORT MYERS",33901,2581053,1,Food,"Routine - Food","Warning Issued",04/21/2016,,,2,0,1,1,Y,0,0,0,0,0,0,0,0,0,0,0,0,0,0,0,0,0,0,0,0,0,0,0,0,0,0,0,0,1,0,0,0,0,0,0,0,0,0,0,0,0,0,0,0,0,0,0,0,0,0,0,0,1,0,0,0,0,0,6094345,5872128
D7,46,Lee,2010,4606927,"SWEETWATER WINGS & RIBS","3334 CLEVELAND AVE","FORT MYERS",33901,2581053,2,Food,"Routine - Food","Call Back - Complied",06/24/2016,,,0,0,0,0,Y,0,0,0,0,0,0,0,0,0,0,0,0,0,0,0,0,0,0,0,0,0,0,0,0,0,0,0,0,0,0,0,0,0,0,0,0,0,0,0,0,0,0,0,0,0,0,0,0,0,0,0,0,0,0,0,0,0,0,6094345,5874631
D7,46,Lee,2010,4606927,"SWEETWATER WINGS & RIBS","3334 CLEVELAND AVE","FORT MYERS",33901,2477661,1,Food,"Food-Licensing Inspection","Inspection Completed - No Further Action",01/19/2016,,,0,0,0,0,Y,0,0,0,0,0,0,0,0,0,0,0,0,0,0,0,0,0,0,0,0,0,0,0,0,0,0,0,0,0,0,0,0,0,0,0,0,0,0,0,0,0,0,0,0,0,0,0,0,0,0,0,0,0,0,0,0,0,0,6094345,5523156
D7,46,Lee,2010,4606928,"LA POBLANITA DELI GROCERY","12145 S CLEVELAND AVE","FORT MYERS",33907,2560488,1,Food,"Food-Licensing Inspection","Inspection Completed - No Further Action",01/22/2016,,,2,0,2,0,Y,0,0,0,0,1,0,0,0,0,0,0,0,0,0,0,1,0,0,0,0,0,0,0,0,0,0,0,0,0,0,0,0,0,0,0,0,0,0,0,0,0,0,0,0,0,0,0,0,0,0,0,0,0,0,0,0,0,0,6274908,5770883
D7,46,Lee,2010,4606928,"LA POBLANITA DELI GROCERY","12145 S CLEVELAND AVE","FORT MYERS",33907,2583539,2,Food,"Routine - Food","Call Back - Extension given, pending",06/02/2016,,,1,0,1,0,Y,0,0,0,0,0,0,0,0,0,0,0,0,0,0,0,0,0,0,0,0,0,0,0,0,0,0,0,0,0,0,0,0,0,0,0,0,0,0,0,0,0,0,0,0,0,0,0,0,0,0,0,0,1,0,0,0,0,0,6274908,5894657
D7,46,Lee,2010,4606928,"LA POBLANITA DELI GROCERY","12145 S CLEVELAND AVE","FORT MYERS",33907,2583539,1,Food,"Routine - Food","Warning Issued",06/01/2016,,,12,6,2,4,Y,0,0,1,0,0,0,0,1,0,0,0,2,0,0,0,0,0,0,0,0,1,1,0,0,1,0,0,0,0,0,1,0,0,0,0,0,0,0,0,0,3,0,0,0,0,0,0,0,0,0,0,0,1,0,0,0,0,0,6274908,5894545
D7,46,Lee,2010,4606929,"SANDBAR BREEZE ICE CREAM & MORE","16960 ALICO MISSION WAY, SUITE 103","FORT MYERS",33908,2569435,1,Food,"Food-Licensing Inspection","Inspection Completed - No Further Action",02/03/2016,,,3,0,2,1,Y,0,0,0,0,1,0,0,0,0,0,0,0,0,0,0,0,0,0,0,0,0,0,0,0,0,0,1,0,0,0,1,0,0,0,0,0,0,0,0,0,0,0,0,0,0,0,0,0,0,0,0,0,0,0,0,0,0,0,6307129,5801097
D7,46,Lee,2010,4606930,"THE SUB HOUSE INC","2610 FOWLER STREET","FORT MYERS",33901,2574282,1,Food,"Food-Licensing Inspection","Inspection Completed - No Further Action",02/03/2016,,,0,0,0,0,Y,0,0,0,0,0,0,0,0,0,0,0,0,0,0,0,0,0,0,0,0,0,0,0,0,0,0,0,0,0,0,0,0,0,0,0,0,0,0,0,0,0,0,0,0,0,0,0,0,0,0,0,0,0,0,0,0,0,0,6336269,5823307
D7,46,Lee,2010,4606931,"THE WESTIN CAPE CORAL RESORT AT MARINA VILLAGE","5902 SILVER KING BLVD","CAPE CORAL",33914,2575236,1,Food,"Food-Licensing Inspection","Inspection Completed - No Further Action",02/08/2016,,,3,0,2,1,Y,0,0,0,0,0,0,0,0,0,0,0,0,0,0,0,0,0,0,0,0,0,1,0,0,0,0,0,0,0,0,1,0,0,0,0,0,0,0,0,0,0,0,0,0,0,0,0,0,0,0,1,0,0,0,0,0,0,0,6344846,5828914
D7,46,Lee,2010,4606932,"EO BURGERS","13499 S. CLEVELAND AVE, STE 254","FORT MYERS",33907,2574711,1,Food,"Food-Licensing Inspection","Inspection Completed - No Further Action",02/11/2016,,,0,0,0,0,Y,0,0,0,0,0,0,0,0,0,0,0,0,0,0,0,0,0,0,0,0,0,0,0,0,0,0,0,0,0,0,0,0,0,0,0,0,0,0,0,0,0,0,0,0,0,0,0,0,0,0,0,0,0,0,0,0,0,0,6336236,5825031
D7,46,Lee,2010,4606932,"EO BURGERS","13499 S. CLEVELAND AVE, STE 254","FORT MYERS",33907,2584026,1,Food,"Routine - Food","Inspection Completed - No Further Action",06/08/2016,,,6,2,1,3,Y,0,1,1,0,0,0,0,0,0,0,0,0,0,0,0,1,0,0,0,0,1,0,1,0,0,0,0,0,1,0,0,0,0,0,0,0,0,0,0,0,0,0,0,0,0,0,0,0,0,0,0,0,0,0,0,0,0,0,6336236,5898548
D7,46,Lee,2010,4606933,"EL POLLO RICO","5508 AVENUE A",BOKEELIA,33922,2573177,1,Food,"Food-Licensing Inspection","Inspection Completed - No Further Action",03/02/2016,,,0,0,0,0,Y,0,0,0,0,0,0,0,0,0,0,0,0,0,0,0,0,0,0,0,0,0,0,0,0,0,0,0,0,0,0,0,0,0,0,0,0,0,0,0,0,0,0,0,0,0,0,0,0,0,0,0,0,0,0,0,0,0,0,6333411,5816491
D7,46,Lee,2010,4606934,"HANA JAPANESE STEAKHOUSE AND SUSHI LOUNGE","30 HANCOCK BRIDGE PKWY W UNIT 112","CAPE CORAL",33991,2483634,1,Food,"Food-Licensing Inspection","Inspection Completed - No Further Action",03/02/2016,,,2,0,0,2,Y,0,0,0,0,0,0,0,0,0,0,0,0,0,0,0,0,0,0,0,0,0,0,0,0,0,0,0,0,0,0,1,0,0,0,0,0,0,0,0,0,0,0,0,0,0,0,0,0,0,0,1,0,0,0,0,0,0,0,6141458,5559544
D7,46,Lee,2010,4606935,NATHANS,"11150 S CLEVELAND AVE","FORT MYERS",33907,2560180,1,Food,"Food-Licensing Inspection","Inspection Completed - No Further Action",03/03/2016,,,2,0,0,2,Y,0,0,0,0,0,0,0,0,0,0,0,0,0,0,0,0,0,0,0,0,0,0,0,1,0,0,0,0,0,0,0,0,0,0,0,0,0,0,0,0,0,0,0,0,0,0,0,0,0,0,1,0,0,0,0,0,0,0,6274645,5770151
D7,46,Lee,2010,4606935,NATHANS,"11150 S CLEVELAND AVE","FORT MYERS",33907,2628502,1,Food,"Routine - Food","Warning Issued",07/01/2016,,,3,0,1,2,Y,0,0,0,0,0,0,0,1,0,0,0,0,0,0,0,0,0,0,0,0,0,0,0,0,0,0,0,0,0,0,1,0,0,0,0,0,0,0,0,0,0,0,0,0,0,0,0,0,0,0,0,0,1,0,0,0,0,0,6274645,5981844
D7,46,Lee,2010,4606937,"WAFFLE HOUSE","3810 CLEVELAND AVE","FORT MYERS",33901,2577751,1,Food,"Food-Licensing Inspection","Inspection Completed - No Further Action",03/09/2016,,,0,0,0,0,Y,0,0,0,0,0,0,0,0,0,0,0,0,0,0,0,0,0,0,0,0,0,0,0,0,0,0,0,0,0,0,0,0,0,0,0,0,0,0,0,0,0,0,0,0,0,0,0,0,0,0,0,0,0,0,0,0,0,0,5974159,5846546
D7,46,Lee,2010,4606938,"THE FISH AND VINE","12901  MCGREGOR BLVD #23","FORT MYERS",33919,2557963,1,Food,"Food-Licensing Inspection","Inspection Completed - No Further Action",03/14/2016,,,0,0,0,0,Y,0,0,0,0,0,0,0,0,0,0,0,0,0,0,0,0,0,0,0,0,0,0,0,0,0,0,0,0,0,0,0,0,0,0,0,0,0,0,0,0,0,0,0,0,0,0,0,0,0,0,0,0,0,0,0,0,0,0,6266057,5761646
D7,46,Lee,2010,4606939,"MOLLY MOO'S ICE CREAM","11000 EVERBLADES PKWY",ESTERO,33928,2575844,1,Food,"Food-Licensing Inspection","Inspection Completed - No Further Action",03/18/2016,,,1,0,1,0,Y,0,0,0,0,0,0,0,0,0,0,0,0,0,0,0,0,0,0,0,0,0,0,0,0,0,0,0,0,0,0,0,0,0,0,0,0,0,0,0,0,0,0,0,0,0,0,0,0,0,0,0,0,1,0,0,0,0,0,6327982,5832399
D7,46,Lee,2010,4606940,"FIDDLESTICKS COUNTRY CLUB","15391 CANONGATE DR","FORT MYERS",33912,2575949,1,Food,"Food-Licensing Inspection","Inspection Completed - No Further Action",03/24/2016,,,0,0,0,0,Y,0,0,0,0,0,0,0,0,0,0,0,0,0,0,0,0,0,0,0,0,0,0,0,0,0,0,0,0,0,0,0,0,0,0,0,0,0,0,0,0,0,0,0,0,0,0,0,0,0,0,0,0,0,0,0,0,0,0,6349809,5833284
D7,46,Lee,2010,4606942,"RODIZIO GRILL","8017 PLAZA DEL LAGO DR 101",ESTERO,33928,2573281,1,Food,"Food-Licensing Inspection","Inspection Completed - No Further Action",03/31/2016,,,0,0,0,0,Y,0,0,0,0,0,0,0,0,0,0,0,0,0,0,0,0,0,0,0,0,0,0,0,0,0,0,0,0,0,0,0,0,0,0,0,0,0,0,0,0,0,0,0,0,0,0,0,0,0,0,0,0,0,0,0,0,0,0,6325035,5817025
D7,46,Lee,2010,4606945,"3 PEPPER BURRITO CO","6900 DANIELS PKWY","FORT MYERS",33912,2585364,1,Food,"Routine - Food","Warning Issued",06/29/2016,,,6,0,2,4,Y,0,0,0,0,0,0,0,0,0,0,0,2,0,0,0,0,0,0,0,0,0,0,0,1,0,0,0,0,0,0,0,0,0,0,0,0,0,0,0,1,0,0,0,0,0,0,0,0,0,0,0,0,2,0,0,0,0,0,6327512,5908815
D7,46,Lee,2010,4606945,"3 PEPPER BURRITO CO","6900 DANIELS PKWY","FORT MYERS",33912,2572857,1,Food,"Food-Licensing Inspection","Inspection Completed - No Further Action",04/14/2016,,,0,0,0,0,Y,0,0,0,0,0,0,0,0,0,0,0,0,0,0,0,0,0,0,0,0,0,0,0,0,0,0,0,0,0,0,0,0,0,0,0,0,0,0,0,0,0,0,0,0,0,0,0,0,0,0,0,0,0,0,0,0,0,0,6327512,5814857
D7,46,Lee,2010,4606946,"CAPE CREAMERY","1715 CAPE CORAL PKWY  W UNIT 7","CAPE CORAL",33914,2575239,1,Food,"Food-Licensing Inspection","Inspection Completed - No Further Action",04/15/2016,,,0,0,0,0,Y,0,0,0,0,0,0,0,0,0,0,0,0,0,0,0,0,0,0,0,0,0,0,0,0,0,0,0,0,0,0,0,0,0,0,0,0,0,0,0,0,0,0,0,0,0,0,0,0,0,0,0,0,0,0,0,0,0,0,6347497,5828967
D7,46,Lee,2010,4606947,"BONITA NATIONAL HOMEOWNERS ASSN INC","17671 BONITA NATIONAL BLVD","BONITA SPRINGS",34135,2573544,1,Food,"Food-Licensing Inspection","Inspection Completed - No Further Action",04/18/2016,,,0,0,0,0,Y,0,0,0,0,0,0,0,0,0,0,0,0,0,0,0,0,0,0,0,0,0,0,0,0,0,0,0,0,0,0,0,0,0,0,0,0,0,0,0,0,0,0,0,0,0,0,0,0,0,0,0,0,0,0,0,0,0,0,6317861,5818923
D7,46,Lee,2010,4606948,"SWEET MELISSA'S ICE CREAM SHOPPE","4445 BONITA BEACH RD SUITE 154","BONITA SPRINGS",34134,2576653,1,Food,"Food-Licensing Inspection","Inspection Completed - No Further Action",04/20/2016,,,0,0,0,0,Y,0,0,0,0,0,0,0,0,0,0,0,0,0,0,0,0,0,0,0,0,0,0,0,0,0,0,0,0,0,0,0,0,0,0,0,0,0,0,0,0,0,0,0,0,0,0,0,0,0,0,0,0,0,0,0,0,0,0,6361097,5838330
D7,46,Lee,2010,4606950,"FLATTOP LARRYS","2122 FIRST ST","FORT MYERS",33901,2549311,1,Food,"Food-Licensing Inspection","Inspection Completed - No Further Action",04/29/2016,,,0,0,0,0,Y,0,0,0,0,0,0,0,0,0,0,0,0,0,0,0,0,0,0,0,0,0,0,0,0,0,0,0,0,0,0,0,0,0,0,0,0,0,0,0,0,0,0,0,0,0,0,0,0,0,0,0,0,0,0,0,0,0,0,6232815,5729499
D7,46,Lee,2010,4606951,"SUB ZERO ICE CREAM","16230 SUMMERLIN ROAD STE 202","FORT MYERS",33908,2577113,1,Food,"Food-Licensing Inspection","Inspection Completed - No Further Action",05/27/2016,,,0,0,0,0,Y,0,0,0,0,0,0,0,0,0,0,0,0,0,0,0,0,0,0,0,0,0,0,0,0,0,0,0,0,0,0,0,0,0,0,0,0,0,0,0,0,0,0,0,0,0,0,0,0,0,0,0,0,0,0,0,0,0,0,6369409,5841474
D7,46,Lee,2010,4606952,"TROPICAL SMOOTHIE CAFE","16240 SUMMERLIN RD STE 310","FORT MYERS",33908,2579539,1,Food,"Food-Licensing Inspection","Inspection Completed - No Further Action",05/27/2016,,,0,0,0,0,Y,0,0,0,0,0,0,0,0,0,0,0,0,0,0,0,0,0,0,0,0,0,0,0,0,0,0,0,0,0,0,0,0,0,0,0,0,0,0,0,0,0,0,0,0,0,0,0,0,0,0,0,0,0,0,0,0,0,0,6389269,5860038
D7,46,Lee,2010,4606953,"DUNKIN DONUTS","8951 DANIELS PKWY","FORT MYERS",33912,2579404,1,Food,"Food-Licensing Inspection","Inspection Completed - No Further Action",05/31/2016,,,0,0,0,0,Y,0,0,0,0,0,0,0,0,0,0,0,0,0,0,0,0,0,0,0,0,0,0,0,0,0,0,0,0,0,0,0,0,0,0,0,0,0,0,0,0,0,0,0,0,0,0,0,0,0,0,0,0,0,0,0,0,0,0,6388399,5859154
D7,46,Lee,2010,4606954,"FROZEN HAPPINESSS","904 LEE BLVD UNIT 102","LEHIGH ACRES",33936,2583565,1,Food,"Food-Licensing Inspection","Warning Issued",06/02/2016,,,5,0,4,1,Y,0,0,0,0,1,0,0,0,0,0,0,0,0,0,0,0,0,0,0,0,0,0,0,0,0,0,1,0,0,0,3,0,0,0,0,0,0,0,0,0,0,0,0,0,0,0,0,0,0,0,0,0,0,0,0,0,0,0,6425467,5894619
D7,46,Lee,2010,4606954,"FROZEN HAPPINESSS","904 LEE BLVD UNIT 102","LEHIGH ACRES",33936,2583565,2,Food,"Food-Licensing Inspection","Call Back - Complied",06/03/2016,,,0,0,0,0,Y,0,0,0,0,0,0,0,0,0,0,0,0,0,0,0,0,0,0,0,0,0,0,0,0,0,0,0,0,0,0,0,0,0,0,0,0,0,0,0,0,0,0,0,0,0,0,0,0,0,0,0,0,0,0,0,0,0,0,6425467,5895320
D7,46,Lee,2010,4606955,"VERSACE GELATERIA ITALIANA & GOURMET","4125 S CLEVELAND AVE STE 353","FORT MYERS",33901,2583632,1,Food,"Food-Licensing Inspection","Inspection Completed - No Further Action",06/03/2016,,,0,0,0,0,Y,0,0,0,0,0,0,0,0,0,0,0,0,0,0,0,0,0,0,0,0,0,0,0,0,0,0,0,0,0,0,0,0,0,0,0,0,0,0,0,0,0,0,0,0,0,0,0,0,0,0,0,0,0,0,0,0,0,0,6429754,5895025
D7,46,Lee,2010,4606956,"9 THAI-SUSHI","26251 S TAMIAMI TRAIL S UNIT# 5","BONITA SPRINGS",34134,2582973,1,Food,"Food-Licensing Inspection","Inspection Completed - No Further Action",06/08/2016,,,0,0,0,0,Y,0,0,0,0,0,0,0,0,0,0,0,0,0,0,0,0,0,0,0,0,0,0,0,0,0,0,0,0,0,0,0,0,0,0,0,0,0,0,0,0,0,0,0,0,0,0,0,0,0,0,0,0,0,0,0,0,0,0,6432279,5890010
D7,46,Lee,2010,4606957,"BEACHA PIZZA","7205 ESTERO BLVD #21A","FORT MYERS BEACH",33931,2581972,1,Food,"Food-Licensing Inspection","Inspection Completed - No Further Action",06/09/2016,,,0,0,0,0,Y,0,0,0,0,0,0,0,0,0,0,0,0,0,0,0,0,0,0,0,0,0,0,0,0,0,0,0,0,0,0,0,0,0,0,0,0,0,0,0,0,0,0,0,0,0,0,0,0,0,0,0,0,0,0,0,0,0,0,6420742,5880641
D7,46,Lee,2010,4606959,"CHIANTIS RISTORANTO ITALIANO","3732 CLEVELAND AVE","FORT MYERS",33901,2583413,1,Food,"Food-Licensing Inspection","Inspection Completed - No Further Action",06/14/2016,,,0,0,0,0,Y,0,0,0,0,0,0,0,0,0,0,0,0,0,0,0,0,0,0,0,0,0,0,0,0,0,0,0,0,0,0,0,0,0,0,0,0,0,0,0,0,0,0,0,0,0,0,0,0,0,0,0,0,0,0,0,0,0,0,6420117,5893095
D7,46,Lee,2010,4606960,"LAS BRISASS RESTAURANT MEXICANO","136 PONDELLA RD","NORTH FORT MYERS",33903,2584066,1,Food,"Food-Licensing Inspection","Inspection Completed - No Further Action",06/14/2016,,,5,0,4,1,Y,0,0,0,0,0,0,0,0,0,0,0,0,0,0,0,2,0,0,0,0,1,0,0,0,0,0,0,0,0,0,1,0,0,0,0,0,0,0,0,0,0,0,0,0,0,0,0,0,0,0,0,0,1,0,0,0,0,0,6444027,5898938
D7,46,Lee,2010,4606961,"MONA LISA CAPE CORAL LLC","1017B CAPE CORAL PKWY E","CAPE CORAL",33904,2561281,1,Food,"Food-Licensing Inspection","Inspection Completed - No Further Action",06/14/2016,,,3,1,2,0,Y,0,0,0,0,1,0,0,0,0,0,0,0,0,0,0,0,0,0,0,0,0,0,0,0,0,0,1,0,1,0,0,0,0,0,0,0,0,0,0,0,0,0,0,0,0,0,0,0,0,0,0,0,0,0,0,0,0,0,6260148,5774050
D7,46,Lee,2010,4606962,"BEACH BROTHERS BBQ","601 N DEL PRADO BLVD SUITE 3","CAPE CORAL",33909,2584457,1,Food,"Food-Licensing Inspection","Inspection Completed - No Further Action",06/15/2016,,,2,0,2,0,Y,0,0,0,0,0,0,0,0,0,0,0,1,0,0,0,1,0,0,0,0,0,0,0,0,0,0,0,0,0,0,0,0,0,0,0,0,0,0,0,0,0,0,0,0,0,0,0,0,0,0,0,0,0,0,0,0,0,0,6421626,5902071
D7,46,Lee,2010,4606963,"R&R PUB N GRUB","4135 MLK JR BLVD","FORT MYERS",33916,2584064,1,Food,"Food-Licensing Inspection","Inspection Completed - No Further Action",06/16/2016,,,0,0,0,0,Y,0,0,0,0,0,0,0,0,0,0,0,0,0,0,0,0,0,0,0,0,0,0,0,0,0,0,0,0,0,0,0,0,0,0,0,0,0,0,0,0,0,0,0,0,0,0,0,0,0,0,0,0,0,0,0,0,0,0,6420509,5898914
D7,46,Lee,2010,4606964,"DUNKIN DONUTS","28155 S TAMIAMI TRAIL","BONITA SPRINGS",34134,2582598,1,Food,"Food-Licensing Inspection","Inspection Completed - No Further Action",06/16/2016,,,3,1,1,1,Y,0,0,0,0,0,0,0,0,0,0,0,1,0,0,0,0,0,0,0,0,0,0,0,0,0,0,0,0,1,0,1,0,0,0,0,0,0,0,0,0,0,0,0,0,0,0,0,0,0,0,0,0,0,0,0,0,0,0,6426621,5886790
D7,46,Lee,2010,4606965,"THE GOODZ INC","1741 ESTERO BLVD","FORT MYERS BEACH",33931,2559466,1,Food,"Food-Licensing Inspection","Inspection Completed - No Further Action",06/21/2016,,,2,0,2,0,Y,0,0,0,0,0,0,0,0,0,0,0,0,0,0,0,0,0,0,0,0,0,0,0,0,0,0,0,0,0,0,0,0,0,0,0,0,0,0,0,0,0,0,0,0,0,0,0,0,0,0,0,0,2,0,0,0,0,0,6265057,5767248
D7,46,Lee,2010,4606966,"SWFL PERFORMING ARTS CTR/OFF THE HOOK COMEDY CLUB/TERA","11515 BONITA BEACH RD SE","BONITA SPRINGS",34135,2576097,1,Food,"Food-Licensing Inspection","Inspection Completed - No Further Action",06/24/2016,,,0,0,0,0,Y,0,0,0,0,0,0,0,0,0,0,0,0,0,0,0,0,0,0,0,0,0,0,0,0,0,0,0,0,0,0,0,0,0,0,0,0,0,0,0,0,0,0,0,0,0,0,0,0,0,0,0,0,0,0,0,0,0,0,6352361,5834349
D7,46,Lee,2010,4606967,"KOTO GRILL","1830 NE PINE ISLAND RD STE 155","CAPE CORAL",33909,2577357,1,Food,"Food-Licensing Inspection","Inspection Completed - No Further Action",06/27/2016,,,5,1,4,0,Y,0,2,0,0,0,0,0,0,0,0,0,0,0,0,0,1,0,0,0,0,0,0,0,0,0,0,1,0,1,0,0,0,0,0,0,0,0,0,0,0,0,0,0,0,0,0,0,0,0,0,0,0,0,0,0,0,0,0,6362589,5843085
D7,46,Lee,2010,4606968,"SCOOTER'S COFFEE","1014 DEL PRADO BLVD SOUTH","CAPE CORAL",33990,2583521,1,Food,"Food-Licensing Inspection","Inspection Completed - No Further Action",06/29/2016,,,1,1,0,0,Y,0,0,0,0,0,0,0,0,0,0,0,0,0,0,0,0,0,0,0,0,0,0,0,0,0,0,0,0,1,0,0,0,0,0,0,0,0,0,0,0,0,0,0,0,0,0,0,0,0,0,0,0,0,0,0,0,0,0,6425147,5894183
D7,46,Lee,2014,4650161,"WEENIES ON THE WATER","4423 SE 16 PL","CAPE CORAL",33904,1181114,1,Food,"Routine - Food","Inspection Completed - No Further Action",10/29/2015,,,1,0,1,0,Y,0,0,0,0,0,0,0,0,0,0,0,0,0,0,0,0,0,0,0,0,0,0,0,0,0,0,1,0,0,0,0,0,0,0,0,0,0,0,0,0,0,0,0,0,0,0,0,0,0,0,0,0,0,0,0,0,0,0,2196715,5601976
D7,46,Lee,2014,4650191,"JOEY'S CHICAGO STYLE HOT DOGS","15183 CAPTIVA DR",CAPTIVA,339249999,1181056,1,Food,"Routine - Food","Inspection Completed - No Further Action",03/30/2016,,,0,0,0,0,Y,0,0,0,0,0,0,0,0,0,0,0,0,0,0,0,0,0,0,0,0,0,0,0,0,0,0,0,0,0,0,0,0,0,0,0,0,0,0,0,0,0,0,0,0,0,0,0,0,0,0,0,0,0,0,0,0,0,0,2196718,5594284
D7,46,Lee,2014,4650200,"JOAN D'ACUNTO","1000 5 ST","FT MYERS BCH",33931,1181115,1,Food,"Routine - Food","Inspection Completed - No Further Action",03/25/2016,,,0,0,0,0,Y,0,0,0,0,0,0,0,0,0,0,0,0,0,0,0,0,0,0,0,0,0,0,0,0,0,0,0,0,0,0,0,0,0,0,0,0,0,0,0,0,0,0,0,0,0,0,0,0,0,0,0,0,0,0,0,0,0,0,2196721,5601977
D7,46,Lee,2014,4650299,"LOWES HOT DOGS","1113 ESTERO BLVD","FT MYERS BCH",33931,1187867,1,Food,"Routine - Food","Warning Issued",06/29/2016,,,2,0,2,0,Y,0,0,0,0,0,0,0,0,0,0,0,0,0,0,0,0,0,0,0,0,0,0,0,0,0,0,0,0,0,0,0,0,0,0,0,0,0,0,0,0,0,0,0,0,0,0,0,0,0,0,0,0,2,0,0,0,0,0,2196760,5908188
D7,46,Lee,2014,4650299,"LOWES HOT DOGS","1113 ESTERO BLVD","FT MYERS BCH",33931,1181116,1,Food,"Routine - Food","Inspection Completed - No Further Action",09/18/2015,,,0,0,0,0,Y,0,0,0,0,0,0,0,0,0,0,0,0,0,0,0,0,0,0,0,0,0,0,0,0,0,0,0,0,0,0,0,0,0,0,0,0,0,0,0,0,0,0,0,0,0,0,0,0,0,0,0,0,0,0,0,0,0,0,2196760,5601979
D7,46,Lee,2014,4650356,"ZESTY TOMATO PIZZA COMPANY","7557 TASCO DR","NORTH PORT",34291,1181117,1,Food,"Routine - Food","Inspection Completed - No Further Action",05/16/2016,,,0,0,0,0,Y,0,0,0,0,0,0,0,0,0,0,0,0,0,0,0,0,0,0,0,0,0,0,0,0,0,0,0,0,0,0,0,0,0,0,0,0,0,0,0,0,0,0,0,0,0,0,0,0,0,0,0,0,0,0,0,0,0,0,2196816,5601981
D7,46,Lee,2014,4650381,"BLUE WATERS FAMOUS RECIPES&SFD","18550 SAN CARLOS BLVD","FORT MYERS",33931,1181052,1,Food,"Routine - Food","Inspection Completed - No Further Action",05/11/2016,,,0,0,0,0,Y,0,0,0,0,0,0,0,0,0,0,0,0,0,0,0,0,0,0,0,0,0,0,0,0,0,0,0,0,0,0,0,0,0,0,0,0,0,0,0,0,0,0,0,0,0,0,0,0,0,0,0,0,0,0,0,0,0,0,2196841,5593534
D7,46,Lee,2014,4650457,"TAQUERIA JIMENEZ SERVICES INC","3842 PALM BEACH BLVD","FORT MYERS",33916,1185235,1,Food,"Routine - Food","Inspection Completed - No Further Action",03/11/2016,,,1,0,1,0,Y,0,0,0,0,0,0,0,0,0,0,0,0,0,0,0,1,0,0,0,0,0,0,0,0,0,0,0,0,0,0,0,0,0,0,0,0,0,0,0,0,0,0,0,0,0,0,0,0,0,0,0,0,0,0,0,0,0,0,6225369,5727483
D7,46,Lee,2014,4650463,"THREE GIRLS","3402 FORUM BLVD","FORT MYERS",33905-5483,1181273,2,Food,"Routine - Food","Call Back - Extension given, pending",03/31/2016,,,1,0,1,0,Y,0,0,0,0,0,0,0,0,0,0,0,0,0,0,0,0,0,0,0,0,0,0,0,0,0,0,0,0,0,0,0,0,0,0,0,0,0,0,0,0,0,0,0,0,0,0,0,0,0,0,0,0,1,0,0,0,0,0,2829984,5858407
D7,46,Lee,2014,4650463,"THREE GIRLS","3402 FORUM BLVD","FORT MYERS",33905-5483,1181273,1,Food,"Routine - Food","Warning Issued",03/29/2016,,,6,3,3,0,Y,0,0,2,0,1,0,0,1,0,0,0,0,0,0,0,1,0,0,0,0,0,0,0,0,0,0,0,0,0,0,0,0,0,0,0,0,0,0,0,0,0,0,0,0,0,0,0,0,0,0,0,0,1,0,0,0,0,0,2829984,5616588
D7,46,Lee,2014,4650463,"THREE GIRLS","3402 FORUM BLVD","FORT MYERS",33905-5483,1185568,3,Food,"Complaint Full","Call Back - Complied",10/09/2015,,,2,0,2,0,Y,0,0,0,0,0,0,0,0,0,0,0,0,0,0,0,1,0,0,0,0,0,0,0,0,0,0,0,0,0,0,0,0,0,0,0,0,0,0,0,0,0,0,0,0,0,0,0,0,0,0,0,0,1,0,0,0,0,0,2829984,5753861
D7,46,Lee,2014,4650463,"THREE GIRLS","3402 FORUM BLVD","FORT MYERS",33905-5483,1185568,2,Food,"Complaint Full","Call Back - Admin. complaint recommended",10/08/2015,,,6,0,5,1,Y,0,0,0,0,0,0,0,0,0,0,0,0,0,0,0,1,0,0,0,0,0,0,0,0,0,0,3,0,0,0,0,0,0,0,0,1,0,0,0,0,0,0,0,0,0,0,0,0,0,0,0,0,1,0,0,0,0,0,2829984,5752962
D7,46,Lee,2014,4650463,"THREE GIRLS","3402 FORUM BLVD","FORT MYERS",33905-5483,1185568,4,Food,"Complaint Full","Admin. Complaint Callback Complied",11/25/2015,,,0,0,0,0,Y,0,0,0,0,0,0,0,0,0,0,0,0,0,0,0,0,0,0,0,0,0,0,0,0,0,0,0,0,0,0,0,0,0,0,0,0,0,0,0,0,0,0,0,0,0,0,0,0,0,0,0,0,0,0,0,0,0,0,2829984,5787575
D7,46,Lee,2014,4650463,"THREE GIRLS","3402 FORUM BLVD","FORT MYERS",33905-5483,1181273,3,Food,"Routine - Food","Call Back - Complied",06/02/2016,,,0,0,0,0,Y,0,0,0,0,0,0,0,0,0,0,0,0,0,0,0,0,0,0,0,0,0,0,0,0,0,0,0,0,0,0,0,0,0,0,0,0,0,0,0,0,0,0,0,0,0,0,0,0,0,0,0,0,0,0,0,0,0,0,2829984,5859705
D7,46,Lee,2014,4650463,"THREE GIRLS","3402 FORUM BLVD","FORT MYERS",33905-5483,1185568,1,Food,"Complaint Full","Warning Issued",10/07/2015,,,12,4,5,3,Y,0,0,2,0,0,1,0,1,0,0,0,0,0,0,0,1,0,0,0,0,1,1,0,0,0,0,3,0,0,0,0,0,0,0,0,1,0,0,0,0,0,0,0,0,0,0,0,0,0,0,0,0,1,0,0,0,0,0,2829984,5752667
D7,46,Lee,2014,4650479,"BEST AROUND","4450 HANDCOCK BRIDGE PKWY","NORTH FORT MYERS",33903,1181219,1,Food,"Routine - Food","Inspection Completed - No Further Action",06/28/2016,,,0,0,0,0,Y,0,0,0,0,0,0,0,0,0,0,0,0,0,0,0,0,0,0,0,0,0,0,0,0,0,0,0,0,0,0,0,0,0,0,0,0,0,0,0,0,0,0,0,0,0,0,0,0,0,0,0,0,0,0,0,0,0,0,2972224,5613328
D7,46,Lee,2014,4650507,"LA MEXICANA MOBILE FOOD INC SUPER TACO INC","1441 ORTIZ AVE","FORT MYERS",33905,1181256,1,Food,"Routine - Food","Warning Issued",09/26/2015,,,4,1,2,1,Y,0,0,1,0,0,0,0,0,0,0,0,0,0,0,0,0,0,0,0,0,0,0,0,0,0,0,2,0,0,0,0,0,0,0,1,0,0,0,0,0,0,0,0,0,0,0,0,0,0,0,0,0,0,0,0,0,0,0,3274008,5615609
D7,46,Lee,2014,4650507,"LA MEXICANA MOBILE FOOD INC SUPER TACO INC","1441 ORTIZ AVE","FORT MYERS",33905,1186160,3,Food,"Routine - Food","Admin. Complaint Callback Complied",03/12/2016,,,0,0,0,0,Y,0,0,0,0,0,0,0,0,0,0,0,0,0,0,0,0,0,0,0,0,0,0,0,0,0,0,0,0,0,0,0,0,0,0,0,0,0,0,0,0,0,0,0,0,0,0,0,0,0,0,0,0,0,0,0,0,0,0,3274008,5842830
D7,46,Lee,2014,4650507,"LA MEXICANA MOBILE FOOD INC SUPER TACO INC","1441 ORTIZ AVE","FORT MYERS",33905,1185455,1,Food,"Routine - Food","Warning Issued",11/22/2015,,,3,3,0,0,Y,0,0,2,0,0,0,0,0,1,0,0,0,0,0,0,0,0,0,0,0,0,0,0,0,0,0,0,0,0,0,0,0,0,0,0,0,0,0,0,0,0,0,0,0,0,0,0,0,0,0,0,0,0,0,0,0,0,0,3274008,5744688
D7,46,Lee,2014,4650507,"LA MEXICANA MOBILE FOOD INC SUPER TACO INC","1441 ORTIZ AVE","FORT MYERS",33905,1186160,2,Food,"Routine - Food","Call Back - Admin. complaint recommended",12/05/2015,,,1,1,0,0,Y,0,0,1,0,0,0,0,0,0,0,0,0,0,0,0,0,0,0,0,0,0,0,0,0,0,0,0,0,0,0,0,0,0,0,0,0,0,0,0,0,0,0,0,0,0,0,0,0,0,0,0,0,0,0,0,0,0,0,3274008,5785704
D7,46,Lee,2014,4650507,"LA MEXICANA MOBILE FOOD INC SUPER TACO INC","1441 ORTIZ AVE","FORT MYERS",33905,1186160,1,Food,"Routine - Food","Warning Issued",11/22/2015,,,3,3,0,0,Y,0,0,2,0,0,0,0,0,1,0,0,0,0,0,0,0,0,0,0,0,0,0,0,0,0,0,0,0,0,0,0,0,0,0,0,0,0,0,0,0,0,0,0,0,0,0,0,0,0,0,0,0,0,0,0,0,0,0,3274008,5785703
D7,46,Lee,2014,4650507,"LA MEXICANA MOBILE FOOD INC SUPER TACO INC","1441 ORTIZ AVE","FORT MYERS",33905,1181256,2,Food,"Routine - Food","Call Back - Complied",09/27/2015,,,0,0,0,0,Y,0,0,0,0,0,0,0,0,0,0,0,0,0,0,0,0,0,0,0,0,0,0,0,0,0,0,0,0,0,0,0,0,0,0,0,0,0,0,0,0,0,0,0,0,0,0,0,0,0,0,0,0,0,0,0,0,0,0,3274008,5744668
D7,46,Lee,2014,4650514,"BRUNOS CATERING INC","2737 LAFAYETTE ST","FORT MYERS",33916,1184131,1,Food,"Routine - Food","Inspection Completed - No Further Action",05/05/2016,,,2,0,1,1,Y,0,0,0,0,1,0,0,0,0,0,0,0,0,0,0,0,0,0,0,0,0,0,0,0,0,0,0,0,0,0,0,0,0,0,0,0,0,0,0,0,0,0,0,0,0,0,0,0,0,1,0,0,0,0,0,0,0,0,3375231,5677265
D7,46,Lee,2014,4650515,"BRUNOS CATERING","2737 LAFAYETTE ST","FORT MYERS",33916,1187476,1,Food,"Routine - Food","Inspection Completed - No Further Action",05/05/2016,,,2,0,1,1,Y,0,0,0,0,1,0,0,0,0,0,0,0,0,0,0,0,0,0,0,0,0,0,0,0,0,0,0,0,0,0,0,0,0,0,0,0,0,0,0,0,0,0,0,0,0,0,0,0,0,1,0,0,0,0,0,0,0,0,3376295,5880526
D7,46,Lee,2014,4650515,"BRUNOS CATERING","2737 LAFAYETTE ST","FORT MYERS",33916,1184132,1,Food,"Routine - Food","Inspection Completed - No Further Action",04/27/2016,,,0,0,0,0,Y,0,0,0,0,0,0,0,0,0,0,0,0,0,0,0,0,0,0,0,0,0,0,0,0,0,0,0,0,0,0,0,0,0,0,0,0,0,0,0,0,0,0,0,0,0,0,0,0,0,0,0,0,0,0,0,0,0,0,3376295,5677271
D7,46,Lee,2014,4650522,"ARON & LAVERNE JONES COOK SHACK","3449 CANAL ST","FORT MYERS",33916,1181293,1,Food,"Routine - Food","Inspection Completed - No Further Action",03/08/2016,,,0,0,0,0,Y,0,0,0,0,0,0,0,0,0,0,0,0,0,0,0,0,0,0,0,0,0,0,0,0,0,0,0,0,0,0,0,0,0,0,0,0,0,0,0,0,0,0,0,0,0,0,0,0,0,0,0,0,0,0,0,0,0,0,3367461,5617563
D7,46,Lee,2014,4650541,"SUPER TACO","1417 ORTIZ AVE","FORT MYERS",33905,1181322,4,Food,"Routine - Food","Admin. Complaint Callback Not Complied",03/04/2016,,,0,0,0,0,Y,0,0,0,0,0,0,0,0,0,0,0,0,0,0,0,0,0,0,0,0,0,0,0,0,0,0,0,0,0,0,0,0,0,0,0,0,0,0,0,0,0,0,0,0,0,0,0,0,0,0,0,0,0,0,0,0,0,0,3535580,5844249
D7,46,Lee,2014,4650541,"SUPER TACO","1417 ORTIZ AVE","FORT MYERS",33905,1187606,1,Food,"Routine - Food","Administrative complaint recommended",05/20/2016,,,4,4,0,0,Y,1,0,1,0,0,0,0,2,0,0,0,0,0,0,0,0,0,0,0,0,0,0,0,0,0,0,0,0,0,0,0,0,0,0,0,0,0,0,0,0,0,0,0,0,0,0,0,0,0,0,0,0,0,0,0,0,0,0,3535580,5889418
D7,46,Lee,2014,4650541,"SUPER TACO","1417 ORTIZ AVE","FORT MYERS",33905,1181322,2,Food,"Routine - Food","Emergency Order Callback Time Extension",08/02/2015,,,4,2,2,0,Y,1,0,1,0,0,0,0,0,0,0,0,0,0,1,0,0,0,0,0,0,0,0,0,0,0,0,0,0,0,0,0,0,0,0,0,0,0,0,0,0,0,0,0,0,0,0,0,0,0,0,0,0,1,0,0,0,0,0,3535580,5702556
D7,46,Lee,2014,4650541,"SUPER TACO","1417 ORTIZ AVE","FORT MYERS",33905,1186161,1,Food,"Routine - Food","Inspection Completed - No Further Action",11/22/2015,,,1,1,0,0,Y,0,0,1,0,0,0,0,0,0,0,0,0,0,0,0,0,0,0,0,0,0,0,0,0,0,0,0,0,0,0,0,0,0,0,0,0,0,0,0,0,0,0,0,0,0,0,0,0,0,0,0,0,0,0,0,0,0,0,3535580,5785705
D7,46,Lee,2014,4650541,"SUPER TACO","1417 ORTIZ AVE","FORT MYERS",33905,1187606,2,Food,"Routine - Food","Call Back - Complied",05/21/2016,,,0,0,0,0,Y,0,0,0,0,0,0,0,0,0,0,0,0,0,0,0,0,0,0,0,0,0,0,0,0,0,0,0,0,0,0,0,0,0,0,0,0,0,0,0,0,0,0,0,0,0,0,0,0,0,0,0,0,0,0,0,0,0,0,3535580,5889419
D7,46,Lee,2014,4650541,"SUPER TACO","1417 ORTIZ AVE","FORT MYERS",33905,1188218,1,Food,"Routine - Food","Warning Issued",07/01/2016,,,5,1,2,2,Y,0,0,0,0,0,0,0,2,0,0,0,0,0,1,0,0,0,0,0,0,0,0,0,0,0,0,0,0,0,0,0,0,0,0,0,0,0,0,0,0,0,0,0,0,0,0,0,0,0,0,0,0,2,0,0,0,0,0,3535580,5938309
D7,46,Lee,2014,4650541,"SUPER TACO","1417 ORTIZ AVE","FORT MYERS",33905,1181322,1,Food,"Routine - Food","Emergency order recommended",08/01/2015,,,8,5,3,0,Y,1,0,1,0,0,0,0,1,0,0,0,1,0,1,0,0,0,0,0,0,0,0,0,0,0,0,1,0,0,0,1,0,0,0,0,0,0,0,0,0,0,0,0,0,0,0,0,0,0,0,0,0,1,0,0,0,0,0,3535580,5618977
D7,46,Lee,2014,4650541,"SUPER TACO","1417 ORTIZ AVE","FORT MYERS",33905,1181322,3,Food,"Routine - Food","Emergency Order Callback Complied",08/07/2015,,,1,0,1,0,Y,0,0,0,0,0,0,0,0,0,0,0,0,0,0,0,0,0,0,0,0,0,0,0,0,0,0,0,0,0,0,0,0,0,0,0,0,0,0,0,0,0,0,0,0,0,0,0,0,0,0,0,0,1,0,0,0,0,0,3535580,5702583
D7,46,Lee,2014,4650541,"SUPER TACO","1417 ORTIZ AVE","FORT MYERS",33905,1184894,2,Food,"Routine - Food","Call Back - Admin. complaint recommended",11/20/2015,,,2,0,2,0,Y,0,0,0,0,0,0,0,0,0,0,0,0,0,0,0,0,0,0,0,0,0,0,0,0,0,0,1,0,0,0,0,0,0,0,0,0,0,0,0,0,0,0,0,0,0,0,0,0,0,0,0,0,1,0,0,0,0,0,3535580,5729052
D7,46,Lee,2014,4650541,"SUPER TACO","1417 ORTIZ AVE","FORT MYERS",33905,1185257,1,Food,"Routine - Food","Inspection Completed - No Further Action",11/22/2015,,,1,1,0,0,Y,0,0,1,0,0,0,0,0,0,0,0,0,0,0,0,0,0,0,0,0,0,0,0,0,0,0,0,0,0,0,0,0,0,0,0,0,0,0,0,0,0,0,0,0,0,0,0,0,0,0,0,0,0,0,0,0,0,0,3535580,5729307
D7,46,Lee,2014,4650541,"SUPER TACO","1417 ORTIZ AVE","FORT MYERS",33905,1187049,1,Food,"Routine - Food","Administrative complaint recommended",03/04/2016,,,3,1,1,1,Y,0,0,1,0,0,0,0,0,0,0,0,0,0,0,0,0,0,0,0,0,0,0,0,1,0,0,0,0,0,0,1,0,0,0,0,0,0,0,0,0,0,0,0,0,0,0,0,0,0,0,0,0,0,0,0,0,0,0,3535580,5844247
D7,46,Lee,2014,4650541,"SUPER TACO","1417 ORTIZ AVE","FORT MYERS",33905,1184894,1,Food,"Routine - Food","Warning Issued",09/04/2015,,,6,3,2,1,Y,1,0,1,0,0,0,0,1,0,0,0,0,0,0,0,0,0,0,0,0,0,0,0,0,1,0,1,0,0,0,0,0,0,0,0,0,0,0,0,0,0,0,0,0,0,0,0,0,0,0,0,0,1,0,0,0,0,0,3535580,5702559
D7,46,Lee,2014,4650558,"TACOS SAN MIGUEL","790 DEL PRADO BLVD N","CAPE CORAL",33909,1185912,1,Food,"Routine - Food","Inspection Completed - No Further Action",03/17/2016,,,4,0,2,2,Y,0,1,0,0,0,0,0,0,0,0,0,0,0,1,0,0,0,0,0,0,0,0,0,0,0,0,0,0,0,0,0,0,0,0,0,1,0,0,0,0,0,0,0,0,0,0,0,0,0,0,0,0,1,0,0,0,0,0,3657762,5773192
D7,46,Lee,2014,4650558,"TACOS SAN MIGUEL","790 DEL PRADO BLVD N","CAPE CORAL",33909,1181356,1,Food,"Routine - Food","Inspection Completed - No Further Action",11/03/2015,,,5,1,1,3,Y,0,1,0,0,0,0,0,0,0,0,0,0,0,0,0,0,0,0,0,0,0,0,3,0,0,0,0,0,0,0,0,0,0,0,1,0,0,0,0,0,0,0,0,0,0,0,0,0,0,0,0,0,0,0,0,0,0,0,3657762,5620331
D7,46,Lee,2014,4650571,"GULF SEAFOOD","17637 SAN CARLOS BLVD","FORT MYERS BEACH",33931,1181388,1,Food,"Routine - Food","Inspection Completed - No Further Action",07/22/2015,,,0,0,0,0,Y,0,0,0,0,0,0,0,0,0,0,0,0,0,0,0,0,0,0,0,0,0,0,0,0,0,0,0,0,0,0,0,0,0,0,0,0,0,0,0,0,0,0,0,0,0,0,0,0,0,0,0,0,0,0,0,0,0,0,3766006,5621931
D7,46,Lee,2014,4650593,"TAQUERIA LA CANADA","2737 LAFAYETTE ST","FORT MYERS",33916,1182384,1,Food,"Routine - Food","Warning Issued",06/16/2016,,,4,0,4,0,Y,0,0,0,0,0,0,0,0,0,0,0,0,0,0,0,1,0,0,0,0,0,0,0,0,0,0,3,0,0,0,0,0,0,0,0,0,0,0,0,0,0,0,0,0,0,0,0,0,0,0,0,0,0,0,0,0,0,0,5516871,5644121
D7,46,Lee,2014,4650593,"TAQUERIA LA CANADA","2737 LAFAYETTE ST","FORT MYERS",33916,1182384,2,Food,"Routine - Food","Call Back - Complied",06/28/2016,,,0,0,0,0,Y,0,0,0,0,0,0,0,0,0,0,0,0,0,0,0,0,0,0,0,0,0,0,0,0,0,0,0,0,0,0,0,0,0,0,0,0,0,0,0,0,0,0,0,0,0,0,0,0,0,0,0,0,0,0,0,0,0,0,5516871,5903230
D7,46,Lee,2014,4650597,"LOVE BOAT ICE CREAM","16229  SAN CARLOS BLVD","FORT MYERS",33908,1183367,1,Food,"Routine - Food","Inspection Completed - No Further Action",08/17/2015,,,2,0,0,2,Y,0,0,0,0,0,0,0,0,0,0,0,0,0,0,0,0,0,0,0,0,0,0,0,0,0,0,0,0,0,0,0,0,0,0,0,1,0,0,0,0,0,0,0,0,0,0,0,0,0,1,0,0,0,0,0,0,0,0,5915561,5654655
D7,46,Lee,2014,4650630,"LA CUBANITA CAFE","4716 DEL PRADO BLVD","CAPE CORAL",33904,1181541,1,Food,"Routine - Food","Inspection Completed - No Further Action",10/27/2015,,,2,1,1,0,Y,0,0,1,0,0,0,0,0,0,0,0,0,0,1,0,0,0,0,0,0,0,0,0,0,0,0,0,0,0,0,0,0,0,0,0,0,0,0,0,0,0,0,0,0,0,0,0,0,0,0,0,0,0,0,0,0,0,0,4105239,5627353
D7,46,Lee,2014,4650630,"LA CUBANITA CAFE","4716 DEL PRADO BLVD","CAPE CORAL",33904,1185791,1,Food,"Routine - Food","Inspection Completed - No Further Action",03/14/2016,,,5,3,2,0,Y,0,0,2,0,0,0,0,1,0,0,0,0,0,1,0,0,0,0,0,0,0,0,0,0,0,0,0,0,0,0,1,0,0,0,0,0,0,0,0,0,0,0,0,0,0,0,0,0,0,0,0,0,0,0,0,0,0,0,4105239,5768165
D7,46,Lee,2014,4650646,"TAQUERIA SANTA FE","2737 LAFAYETTE ST","FORT MYERS",33916,1181801,1,Food,"Routine - Food","Inspection Completed - No Further Action",06/06/2016,,,0,0,0,0,Y,0,0,0,0,0,0,0,0,0,0,0,0,0,0,0,0,0,0,0,0,0,0,0,0,0,0,0,0,0,0,0,0,0,0,0,0,0,0,0,0,0,0,0,0,0,0,0,0,0,0,0,0,0,0,0,0,0,0,4235578,5633707
D7,46,Lee,2014,4650650,LILI,"3639 PALM BEACH BLVD","FORT MYERS",33916,1181631,1,Food,"Routine - Food","Warning Issued",06/17/2016,,,1,0,1,0,Y,0,0,0,0,0,0,0,0,0,0,0,0,0,0,0,0,0,0,0,0,0,0,0,0,0,0,0,0,0,0,0,0,0,0,0,0,0,0,0,0,0,0,0,0,0,0,0,0,0,0,0,0,1,0,0,0,0,0,4271296,5629862
D7,46,Lee,2014,4650651,"HOBOZ FINE DINING","1833 EVEREST PKWY","CAPE CORAL",33904,1184598,1,Food,"Routine - Food","Inspection Completed - No Further Action",02/17/2016,,,1,0,1,0,Y,0,1,0,0,0,0,0,0,0,0,0,0,0,0,0,0,0,0,0,0,0,0,0,0,0,0,0,0,0,0,0,0,0,0,0,0,0,0,0,0,0,0,0,0,0,0,0,0,0,0,0,0,0,0,0,0,0,0,6039722,5684349
D7,46,Lee,2014,4650651,"HOBOZ FINE DINING","1833 EVEREST PKWY","CAPE CORAL",33904,1183086,2,Food,"Routine - Food","Call Back - Complied",09/11/2015,,,0,0,0,0,Y,0,0,0,0,0,0,0,0,0,0,0,0,0,0,0,0,0,0,0,0,0,0,0,0,0,0,0,0,0,0,0,0,0,0,0,0,0,0,0,0,0,0,0,0,0,0,0,0,0,0,0,0,0,0,0,0,0,0,6039722,5684004
D7,46,Lee,2014,4650651,"HOBOZ FINE DINING","1833 EVEREST PKWY","CAPE CORAL",33904,1183086,1,Food,"Routine - Food","Warning Issued",07/09/2015,,,2,0,2,0,Y,0,1,0,0,0,0,0,0,0,0,0,0,0,0,0,0,0,0,0,0,0,0,0,0,0,0,0,0,0,0,0,0,0,0,0,0,0,0,0,0,0,0,0,0,0,0,0,0,0,0,0,0,1,0,0,0,0,0,6039722,5652059
D7,46,Lee,2014,4650659,"SHORTYS HEAVENLY DOGS","870 BUTTONWOOD DR.","FORT MYERS BEACH",33931,1182390,1,Food,"Routine - Food","Inspection Completed - No Further Action",02/12/2016,,,0,0,0,0,Y,0,0,0,0,0,0,0,0,0,0,0,0,0,0,0,0,0,0,0,0,0,0,0,0,0,0,0,0,0,0,0,0,0,0,0,0,0,0,0,0,0,0,0,0,0,0,0,0,0,0,0,0,0,0,0,0,0,0,5507686,5644215
D7,46,Lee,2014,4650679,"PINCHERS CRAB SHACK","18100 SAN CARLOS BLVD","FORT MYERS BEACH",33931,1181878,1,Food,"Routine - Food","Inspection Completed - No Further Action",07/27/2015,,,0,0,0,0,Y,0,0,0,0,0,0,0,0,0,0,0,0,0,0,0,0,0,0,0,0,0,0,0,0,0,0,0,0,0,0,0,0,0,0,0,0,0,0,0,0,0,0,0,0,0,0,0,0,0,0,0,0,0,0,0,0,0,0,5247676,5635289
D7,46,Lee,2014,4650683,"FISH TALE HOT DOGS","7205 ESTERO BLVD","FORT MYERS BEACH",33931,1181845,1,Food,"Routine - Food","Inspection Completed - No Further Action",08/03/2015,,,0,0,0,0,Y,0,0,0,0,0,0,0,0,0,0,0,0,0,0,0,0,0,0,0,0,0,0,0,0,0,0,0,0,0,0,0,0,0,0,0,0,0,0,0,0,0,0,0,0,0,0,0,0,0,0,0,0,0,0,0,0,0,0,5268282,5634622
D7,46,Lee,2014,4650689,"ANGELA & AARON'S BURRITO'S & MORE","8395 WOOLEY DR","NORTH FORT MYERS",33917,1184435,1,Food,"Routine - Food","Inspection Completed - No Further Action",03/09/2016,,,1,0,1,0,Y,0,1,0,0,0,0,0,0,0,0,0,0,0,0,0,0,0,0,0,0,0,0,0,0,0,0,0,0,0,0,0,0,0,0,0,0,0,0,0,0,0,0,0,0,0,0,0,0,0,0,0,0,0,0,0,0,0,0,6099421,5678263
D7,46,Lee,2014,4650689,"ANGELA & AARON'S BURRITO'S & MORE","8395 WOOLEY DR","NORTH FORT MYERS",33917,1187118,1,Food,"Routine - Food","Inspection Completed - No Further Action",06/23/2016,,,0,0,0,0,Y,0,0,0,0,0,0,0,0,0,0,0,0,0,0,0,0,0,0,0,0,0,0,0,0,0,0,0,0,0,0,0,0,0,0,0,0,0,0,0,0,0,0,0,0,0,0,0,0,0,0,0,0,0,0,0,0,0,0,6099421,5849724
D7,46,Lee,2014,4650691,"COAST CONNECTION","8421 MAIN ST",BOKEELIA,33922,1181889,1,Food,"Routine - Food","Inspection Completed - No Further Action",12/22/2015,,,0,0,0,0,Y,0,0,0,0,0,0,0,0,0,0,0,0,0,0,0,0,0,0,0,0,0,0,0,0,0,0,0,0,0,0,0,0,0,0,0,0,0,0,0,0,0,0,0,0,0,0,0,0,0,0,0,0,0,0,0,0,0,0,5295281,5635457
D7,46,Lee,2014,4650701,"DEEP DOWN SOUTH BBQ","2927 MARTIN LUTHER KING BLVD","FORT MYERS",33916,1181965,2,Food,"Routine - Food","Call Back - Admin. complaint recommended",05/12/2016,,,4,1,1,2,Y,0,0,0,0,0,0,0,0,0,0,0,0,1,0,0,0,0,0,0,0,0,0,0,0,0,0,0,0,0,0,1,0,0,0,0,0,0,0,0,0,0,0,0,0,0,0,0,0,0,1,0,0,1,0,0,0,0,0,5386975,5849438
D7,46,Lee,2014,4650701,"DEEP DOWN SOUTH BBQ","2927 MARTIN LUTHER KING BLVD","FORT MYERS",33916,1175345,2,Food,"Routine - Food","Admin. Complaint Callback Complied",08/14/2015,,,5,0,5,0,Y,0,0,0,0,0,0,0,0,0,0,0,0,0,1,0,0,0,0,0,0,0,0,0,0,0,0,1,0,0,0,1,0,0,0,0,0,0,0,0,0,0,0,0,0,0,0,0,0,0,0,0,0,2,0,0,0,0,0,5386975,5577402
D7,46,Lee,2014,4650701,"DEEP DOWN SOUTH BBQ","2927 MARTIN LUTHER KING BLVD","FORT MYERS",33916,1181965,1,Food,"Routine - Food","Administrative complaint recommended",03/10/2016,,,8,1,3,4,Y,0,0,0,0,0,0,0,0,0,0,0,0,2,0,0,0,0,0,0,0,0,0,0,0,0,0,1,0,1,0,2,0,0,0,0,0,0,0,0,0,0,0,0,0,0,0,0,0,0,1,0,0,1,0,0,0,0,0,5386975,5636659
D7,46,Lee,2014,4650702,"THREE GIRLS INC","2508 SKYLINE BLVD","CAPE CORAL",33914,1185079,1,Food,"Routine - Food","Inspection Completed - No Further Action",02/01/2016,,,2,0,1,1,Y,0,0,0,0,0,0,0,0,0,0,0,0,0,0,0,0,0,0,0,0,0,0,1,0,0,0,0,0,0,0,0,0,0,0,0,0,0,0,0,0,0,0,0,0,0,0,0,0,0,0,0,0,1,0,0,0,0,0,3379242,5717280
D7,46,Lee,2014,4650702,"THREE GIRLS INC","2508 SKYLINE BLVD","CAPE CORAL",33914,1181302,1,Food,"Routine - Food","Inspection Completed - No Further Action",08/20/2015,,,1,0,1,0,Y,0,0,0,0,0,0,0,0,0,0,0,0,0,0,0,1,0,0,0,0,0,0,0,0,0,0,0,0,0,0,0,0,0,0,0,0,0,0,0,0,0,0,0,0,0,0,0,0,0,0,0,0,0,0,0,0,0,0,3379242,5617713
D7,46,Lee,2014,4650703,"THREE GIRLS INC","11941 BONITA BEACH RD","BONITA SPRINGS",34135,1181300,1,Food,"Routine - Food","Inspection Completed - No Further Action",08/13/2015,,,4,2,2,0,Y,0,1,1,0,0,0,0,0,0,0,0,1,0,0,0,0,0,0,0,0,0,1,0,0,0,0,0,0,0,0,0,0,0,0,0,0,0,0,0,0,0,0,0,0,0,0,0,0,0,0,0,0,0,0,0,0,0,0,3379304,5617647
D7,46,Lee,2014,4650703,"THREE GIRLS INC","11941 BONITA BEACH RD","BONITA SPRINGS",34135,1186103,2,Food,"Complaint Full","Emergency Order Callback Time Extension",11/20/2015,,,1,0,1,0,Y,0,0,0,0,0,0,0,0,0,0,0,0,0,0,0,0,0,0,0,0,0,0,0,0,0,0,0,0,0,0,0,0,0,0,0,0,0,0,0,0,0,0,0,0,0,0,0,0,0,0,0,0,1,0,0,0,0,0,3379304,5784262
D7,46,Lee,2014,4650703,"THREE GIRLS INC","11941 BONITA BEACH RD","BONITA SPRINGS",34135,1178664,3,Food,"Routine - Food","Admin. Complaint Callback Complied",01/07/2016,,,0,0,0,0,Y,0,0,0,0,0,0,0,0,0,0,0,0,0,0,0,0,0,0,0,0,0,0,0,0,0,0,0,0,0,0,0,0,0,0,0,0,0,0,0,0,0,0,0,0,0,0,0,0,0,0,0,0,0,0,0,0,0,0,3379304,5811554
D7,46,Lee,2014,4650703,"THREE GIRLS INC","11941 BONITA BEACH RD","BONITA SPRINGS",34135,1186103,3,Food,"Complaint Full","Call Back - Complied",01/07/2016,,,0,0,0,0,Y,0,0,0,0,0,0,0,0,0,0,0,0,0,0,0,0,0,0,0,0,0,0,0,0,0,0,0,0,0,0,0,0,0,0,0,0,0,0,0,0,0,0,0,0,0,0,0,0,0,0,0,0,0,0,0,0,0,0,3379304,5785833
D7,46,Lee,2014,4650703,"THREE GIRLS INC","11941 BONITA BEACH RD","BONITA SPRINGS",34135,1186103,1,Food,"Complaint Full","Emergency order recommended",11/19/2015,,,8,4,4,0,Y,1,1,2,1,0,0,0,0,0,0,0,1,0,0,0,0,0,0,0,0,0,0,0,0,0,0,0,0,0,0,1,0,0,0,0,0,0,0,0,0,0,0,0,0,0,0,0,0,0,0,0,0,1,0,0,0,0,0,3379304,5783320
D7,46,Lee,2014,4650703,"THREE GIRLS INC","11941 BONITA BEACH RD","BONITA SPRINGS",34135,1186103,4,Food,"Complaint Full","Admin. Complaint Callback Complied",04/11/2016,,,0,0,0,0,Y,0,0,0,0,0,0,0,0,0,0,0,0,0,0,0,0,0,0,0,0,0,0,0,0,0,0,0,0,0,0,0,0,0,0,0,0,0,0,0,0,0,0,0,0,0,0,0,0,0,0,0,0,0,0,0,0,0,0,3379304,5863999
D7,46,Lee,2014,4650704,"THREE GIRLS INC","3031 PINE ISLAND RD","CAPE CORAL",33909,1181853,1,Food,"Routine - Food","Inspection Completed - No Further Action",08/20/2015,,,2,1,0,1,Y,0,0,1,0,0,0,0,0,0,0,0,0,0,0,0,0,0,0,0,0,0,0,1,0,0,0,0,0,0,0,0,0,0,0,0,0,0,0,0,0,0,0,0,0,0,0,0,0,0,0,0,0,0,0,0,0,0,0,5255966,5634799
D7,46,Lee,2014,4650704,"THREE GIRLS INC","3031 PINE ISLAND RD","CAPE CORAL",33909,1185084,1,Food,"Routine - Food","Inspection Completed - No Further Action",02/05/2016,,,1,0,0,1,Y,0,0,0,0,0,0,0,0,0,1,0,0,0,0,0,0,0,0,0,0,0,0,0,0,0,0,0,0,0,0,0,0,0,0,0,0,0,0,0,0,0,0,0,0,0,0,0,0,0,0,0,0,0,0,0,0,0,0,5255966,5717363
D7,46,Lee,2014,4650705,"DONER KEBAB KING KARL","4402 DEL PRADO BLVD., S","CAPE CORAL",33904,1182032,1,Food,"Routine - Food","Inspection Completed - No Further Action",12/14/2015,,,2,0,1,1,Y,0,1,0,0,0,0,0,0,0,0,0,0,0,0,0,0,0,0,0,0,0,0,1,0,0,0,0,0,0,0,0,0,0,0,0,0,0,0,0,0,0,0,0,0,0,0,0,0,0,0,0,0,0,0,0,0,0,0,5364412,5637990
D7,46,Lee,2014,4650705,"DONER KEBAB KING KARL","4402 DEL PRADO BLVD., S","CAPE CORAL",33904,1186381,1,Food,"Routine - Food","Inspection Completed - No Further Action",06/06/2016,,,2,0,0,2,Y,0,0,0,0,0,0,0,0,0,0,0,0,0,0,0,0,0,0,0,0,0,0,2,0,0,0,0,0,0,0,0,0,0,0,0,0,0,0,0,0,0,0,0,0,0,0,0,0,0,0,0,0,0,0,0,0,0,0,5364412,5799250
D7,46,Lee,2014,4650708,"THREE GIRLS","14655 TAMIAMI TRAIL","FORT MYERS",33912,1187180,1,Food,"Routine - Food","Inspection Completed - No Further Action",05/17/2016,,,5,1,2,2,Y,0,0,0,0,0,0,0,0,0,0,0,0,1,0,0,0,0,0,0,0,0,1,1,0,0,0,0,0,0,0,1,0,0,0,0,0,0,0,0,0,0,0,0,0,0,0,0,0,0,0,0,0,1,0,0,0,0,0,4349846,5856113
D7,46,Lee,2014,4650708,"THREE GIRLS","14655 TAMIAMI TRAIL","FORT MYERS",33912,1181699,2,Food,"Routine - Food","Call Back - Complied",03/24/2016,,,2,0,0,2,Y,0,0,0,0,0,0,0,0,0,0,0,0,0,0,0,0,0,0,0,0,0,0,0,0,0,0,0,0,0,0,0,0,0,0,0,2,0,0,0,0,0,0,0,0,0,0,0,0,0,0,0,0,0,0,0,0,0,0,4349846,5855281
D7,46,Lee,2014,4650708,"THREE GIRLS","14655 TAMIAMI TRAIL","FORT MYERS",33912,1181699,1,Food,"Routine - Food","Warning Issued",03/23/2016,,,15,5,1,9,Y,0,0,1,0,0,0,0,1,0,0,0,1,1,0,0,1,0,0,0,0,1,2,2,0,0,0,0,0,0,0,1,0,0,0,1,3,0,0,0,0,0,0,0,0,0,0,0,0,0,0,0,0,0,0,0,0,0,0,4349846,5631879
D7,46,Lee,2014,4650711,"TLS LIBERTY CONCESSIONS","1684 S HERMITAGE RD","FORT MYERS",33919,1183037,1,Food,"Routine - Food","Inspection Completed - No Further Action",03/08/2016,,,0,0,0,0,Y,0,0,0,0,0,0,0,0,0,0,0,0,0,0,0,0,0,0,0,0,0,0,0,0,0,0,0,0,0,0,0,0,0,0,0,0,0,0,0,0,0,0,0,0,0,0,0,0,0,0,0,0,0,0,0,0,0,0,5746770,5651678
D7,46,Lee,2014,4650711,"TLS LIBERTY CONCESSIONS","1684 S HERMITAGE RD","FORT MYERS",33919,1176705,2,Food,"Routine - Food","Call Back - Extension given, pending",07/29/2015,,,1,0,1,0,Y,0,0,0,0,0,0,0,0,0,0,0,0,0,0,0,0,0,0,0,0,0,0,0,0,0,0,0,0,0,0,0,0,0,0,0,0,0,0,0,0,0,0,0,0,0,0,0,0,0,0,0,0,1,0,0,0,0,0,5746770,5568430
D7,46,Lee,2014,4650711,"TLS LIBERTY CONCESSIONS","1684 S HERMITAGE RD","FORT MYERS",33919,1187087,1,Food,"Routine - Food","Inspection Completed - No Further Action",06/22/2016,,,0,0,0,0,Y,0,0,0,0,0,0,0,0,0,0,0,0,0,0,0,0,0,0,0,0,0,0,0,0,0,0,0,0,0,0,0,0,0,0,0,0,0,0,0,0,0,0,0,0,0,0,0,0,0,0,0,0,0,0,0,0,0,0,5746770,5847423
D7,46,Lee,2014,4650711,"TLS LIBERTY CONCESSIONS","1684 S HERMITAGE RD","FORT MYERS",33919,1176705,3,Food,"Routine - Food","Call Back - Complied",09/29/2015,,,0,0,0,0,Y,0,0,0,0,0,0,0,0,0,0,0,0,0,0,0,0,0,0,0,0,0,0,0,0,0,0,0,0,0,0,0,0,0,0,0,0,0,0,0,0,0,0,0,0,0,0,0,0,0,0,0,0,0,0,0,0,0,0,5746770,5700280
D7,46,Lee,2014,4650713,"DREAM COOKING AND CATERING LLC","404 NE PINE ISLAND RD","CAPE CORAL",33909,1183523,1,Food,"Routine - Food","Inspection Completed - No Further Action",07/02/2015,,,2,1,1,0,Y,0,0,0,0,0,0,0,1,0,0,0,0,0,0,0,0,0,0,0,0,0,0,0,0,0,0,0,0,0,0,1,0,0,0,0,0,0,0,0,0,0,0,0,0,0,0,0,0,0,0,0,0,0,0,0,0,0,0,5882732,5656203
D7,46,Lee,2014,4650722,"R-SEA ENTERPRISES INC","725 EL DORADO PKWY E","CAPE CORAL",33904,1182880,1,Food,"Routine - Food","Inspection Completed - No Further Action",12/21/2015,,,0,0,0,0,Y,0,0,0,0,0,0,0,0,0,0,0,0,0,0,0,0,0,0,0,0,0,0,0,0,0,0,0,0,0,0,0,0,0,0,0,0,0,0,0,0,0,0,0,0,0,0,0,0,0,0,0,0,0,0,0,0,0,0,5986135,5650128
D7,46,Lee,2014,4650726,"NATURE RECREATION MANAGEMENT OF LEE COUNTY LLC","8720 ESTERO BLVD","FORT MYERS BEACH",33931,1182296,1,Food,"Routine - Food","Inspection Completed - No Further Action",07/27/2015,,,0,0,0,0,Y,0,0,0,0,0,0,0,0,0,0,0,0,0,0,0,0,0,0,0,0,0,0,0,0,0,0,0,0,0,0,0,0,0,0,0,0,0,0,0,0,0,0,0,0,0,0,0,0,0,0,0,0,0,0,0,0,0,0,5534643,5642670
D7,46,Lee,2014,4650726,"NATURE RECREATION MANAGEMENT OF LEE COUNTY LLC","8720 ESTERO BLVD","FORT MYERS BEACH",33931,1187868,1,Food,"Routine - Food","Inspection Completed - No Further Action",06/24/2016,,,0,0,0,0,Y,0,0,0,0,0,0,0,0,0,0,0,0,0,0,0,0,0,0,0,0,0,0,0,0,0,0,0,0,0,0,0,0,0,0,0,0,0,0,0,0,0,0,0,0,0,0,0,0,0,0,0,0,0,0,0,0,0,0,5534643,5908194
D7,46,Lee,2014,4650727,"WORKING COW","1651 NE PINE ISLAND RD","CAPE CORAL",33909,1182190,1,Food,"Routine - Food","Inspection Completed - No Further Action",07/01/2015,,,1,1,0,0,Y,0,0,1,0,0,0,0,0,0,0,0,0,0,0,0,0,0,0,0,0,0,0,0,0,0,0,0,0,0,0,0,0,0,0,0,0,0,0,0,0,0,0,0,0,0,0,0,0,0,0,0,0,0,0,0,0,0,0,5535872,5640891
D7,46,Lee,2014,4650729,"JONESEZ BBQ","13750 PLANTATION RD","FORT MYERS",33912,1182203,1,Food,"Routine - Food","Inspection Completed - No Further Action",09/29/2015,,,0,0,0,0,Y,0,0,0,0,0,0,0,0,0,0,0,0,0,0,0,0,0,0,0,0,0,0,0,0,0,0,0,0,0,0,0,0,0,0,0,0,0,0,0,0,0,0,0,0,0,0,0,0,0,0,0,0,0,0,0,0,0,0,5558454,5641060
D7,46,Lee,2014,4650733,"MR BIG ONE","1119 CAPE CORAL PKWY EAST","CAPE CORAL",33904,1182448,1,Food,"Routine - Food","Warning Issued",10/29/2015,,,3,1,2,0,Y,0,0,1,0,0,0,0,0,0,0,0,0,0,1,0,0,0,0,0,0,0,0,0,0,0,0,0,0,0,0,1,0,0,0,0,0,0,0,0,0,0,0,0,0,0,0,0,0,0,0,0,0,0,0,0,0,0,0,5612280,5644906
D7,46,Lee,2014,4650733,"MR BIG ONE","1119 CAPE CORAL PKWY EAST","CAPE CORAL",33904,1182448,2,Food,"Routine - Food","Call Back - Complied",10/30/2015,,,0,0,0,0,Y,0,0,0,0,0,0,0,0,0,0,0,0,0,0,0,0,0,0,0,0,0,0,0,0,0,0,0,0,0,0,0,0,0,0,0,0,0,0,0,0,0,0,0,0,0,0,0,0,0,0,0,0,0,0,0,0,0,0,5612280,5770116
D7,46,Lee,2014,4650733,"MR BIG ONE","1119 CAPE CORAL PKWY EAST","CAPE CORAL",33904,1185832,1,Food,"Routine - Food","Inspection Completed - No Further Action",03/16/2016,,,3,1,1,1,Y,0,0,1,0,0,0,0,1,0,0,0,0,0,0,0,0,0,0,0,0,0,0,0,0,0,0,0,0,0,0,1,0,0,0,0,0,0,0,0,0,0,0,0,0,0,0,0,0,0,0,0,0,0,0,0,0,0,0,5612280,5770452
D7,46,Lee,2014,4650736,"ARIAS'S PUPUSAS","306 NW 16 PL","CAPE CORAL",33993,1182453,4,Food,"Routine - Food","Admin. Complaint Callback Complied",12/05/2015,,,0,0,0,0,Y,0,0,0,0,0,0,0,0,0,0,0,0,0,0,0,0,0,0,0,0,0,0,0,0,0,0,0,0,0,0,0,0,0,0,0,0,0,0,0,0,0,0,0,0,0,0,0,0,0,0,0,0,0,0,0,0,0,0,5653078,5791785
D7,46,Lee,2014,4650736,"ARIAS'S PUPUSAS","306 NW 16 PL","CAPE CORAL",33993,1185459,1,Food,"Routine - Food","Warning Issued",06/11/2016,,,10,2,4,4,Y,1,0,1,0,0,0,0,1,0,0,0,1,0,0,0,0,0,0,0,0,0,0,0,0,0,0,3,0,0,0,1,0,1,0,0,0,0,0,0,0,1,0,0,0,0,0,0,0,0,0,0,0,0,0,0,0,0,0,5653078,5744726
D7,46,Lee,2014,4650736,"ARIAS'S PUPUSAS","306 NW 16 PL","CAPE CORAL",33993,1182453,2,Food,"Routine - Food","Emergency Order Callback Time Extension",09/29/2015,,,1,0,1,0,Y,0,0,0,0,0,0,0,0,0,0,0,0,0,0,0,0,0,0,0,0,0,0,0,0,0,0,0,0,0,0,0,0,0,0,0,0,0,0,0,0,0,0,0,0,0,0,0,0,0,0,0,0,1,0,0,0,0,0,5653078,5744722
D7,46,Lee,2014,4650736,"ARIAS'S PUPUSAS","306 NW 16 PL","CAPE CORAL",33993,1182453,1,Food,"Routine - Food","Emergency order recommended",09/27/2015,,,10,3,4,3,Y,1,0,1,0,0,0,0,2,0,0,0,1,0,0,0,0,0,0,0,0,0,0,0,0,0,0,4,0,0,0,0,0,0,0,0,0,0,0,0,0,0,0,0,0,0,0,0,0,0,0,0,0,1,0,0,0,0,0,5653078,5644932
D7,46,Lee,2014,4650736,"ARIAS'S PUPUSAS","306 NW 16 PL","CAPE CORAL",33993,1182453,3,Food,"Routine - Food","Emergency Order Callback Time Extension",12/05/2015,,,1,0,1,0,Y,0,0,0,0,0,0,0,0,0,0,0,0,0,0,0,0,0,0,0,0,0,0,0,0,0,0,0,0,0,0,0,0,0,0,0,0,0,0,0,0,0,0,0,0,0,0,0,0,0,0,0,0,1,0,0,0,0,0,5653078,5746002
D7,46,Lee,2014,4650736,"ARIAS'S PUPUSAS","306 NW 16 PL","CAPE CORAL",33993,1185459,2,Food,"Routine - Food","Call Back - Admin. complaint recommended",06/18/2016,,,2,1,0,1,Y,0,0,1,0,0,0,0,1,0,0,0,0,0,0,0,0,0,0,0,0,0,0,0,0,0,0,0,0,0,0,0,0,0,0,0,0,0,0,0,0,0,0,0,0,0,0,0,0,0,0,0,0,0,0,0,0,0,0,5653078,5900818
D7,46,Lee,2014,4650740,PORKIN-OUT,"3441 COLONIAL BLVD","FORT MYERS",33966,1182821,1,Food,"Routine - Food","Inspection Completed - No Further Action",05/17/2016,,,0,0,0,0,Y,0,0,0,0,0,0,0,0,0,0,0,0,0,0,0,0,0,0,0,0,0,0,0,0,0,0,0,0,0,0,0,0,0,0,0,0,0,0,0,0,0,0,0,0,0,0,0,0,0,0,0,0,0,0,0,0,0,0,5686602,5649539
D7,46,Lee,2014,4650756,"S AND S SCOTTIES DAWG LLC","1820 WINSTAN AVE",ENGLEWOOD,34223,1182857,1,Food,"Routine - Food","Warning Issued",09/21/2015,,,3,0,3,0,Y,0,0,0,0,1,0,0,0,0,0,0,0,0,0,0,0,0,0,0,0,0,0,0,0,0,0,2,0,0,0,0,0,0,0,0,0,0,0,0,0,0,0,0,0,0,0,0,0,0,0,0,0,0,0,0,0,0,0,5789776,5649934
D7,46,Lee,2014,4650756,"S AND S SCOTTIES DAWG LLC","1820 WINSTAN AVE",ENGLEWOOD,34223,1182857,2,Food,"Routine - Food","Call Back - Complied",09/22/2015,,,0,0,0,0,Y,0,0,0,0,0,0,0,0,0,0,0,0,0,0,0,0,0,0,0,0,0,0,0,0,0,0,0,0,0,0,0,0,0,0,0,0,0,0,0,0,0,0,0,0,0,0,0,0,0,0,0,0,0,0,0,0,0,0,5789776,5739876
D7,46,Lee,2014,4650757,"REUBENS CATERING","11506 S CLEVELAND AVE","FORT MYERS",33907,1176626,2,Food,"Routine - Food","Admin. Complaint Callback Complied",07/24/2015,,,0,0,0,0,Y,0,0,0,0,0,0,0,0,0,0,0,0,0,0,0,0,0,0,0,0,0,0,0,0,0,0,0,0,0,0,0,0,0,0,0,0,0,0,0,0,0,0,0,0,0,0,0,0,0,0,0,0,0,0,0,0,0,0,5793987,5695703
D7,46,Lee,2014,4650758,"SUN SPLASH FAMILY WATERPARK","400 SANTA BARBARA BLVD","CAPE CORAL",33991,1183904,1,Food,"Routine - Food","Inspection Completed - No Further Action",07/21/2015,,,0,0,0,0,Y,0,0,0,0,0,0,0,0,0,0,0,0,0,0,0,0,0,0,0,0,0,0,0,0,0,0,0,0,0,0,0,0,0,0,0,0,0,0,0,0,0,0,0,0,0,0,0,0,0,0,0,0,0,0,0,0,0,0,5812879,5660330
D7,46,Lee,2014,4650759,"SEAFOOD PARADISE LLC","3337 MICHIGAN AVE","FORT MYERS",33916,1184449,1,Food,"Routine - Food","Warning Issued",05/05/2016,,,3,0,2,1,Y,0,0,0,0,0,0,0,0,0,0,0,0,0,0,0,0,0,0,0,0,0,0,0,0,0,0,0,0,0,0,0,0,0,0,0,0,0,0,0,0,0,0,0,0,0,0,0,0,0,1,0,0,2,0,0,0,0,0,5803330,5678346
D7,46,Lee,2014,4650761,"MOFOS LLC","1632 SW 14 ST","CAPE CORAL",33991,1186550,1,Food,"Routine - Food","Inspection Completed - No Further Action",06/03/2016,,,1,0,0,1,Y,0,0,0,0,0,0,0,0,0,0,0,0,0,0,0,0,0,0,0,0,0,0,1,0,0,0,0,0,0,0,0,0,0,0,0,0,0,0,0,0,0,0,0,0,0,0,0,0,0,0,0,0,0,0,0,0,0,0,5743081,5806312
D7,46,Lee,2014,4650761,"MOFOS LLC","1632 SW 14 ST","CAPE CORAL",33991,1182487,1,Food,"Routine - Food","Inspection Completed - No Further Action",12/23/2015,,,1,1,0,0,Y,0,0,0,0,0,0,0,0,0,0,0,0,0,0,0,0,0,0,0,0,0,0,0,0,0,0,0,0,0,0,0,0,0,0,0,0,0,0,0,0,0,0,0,0,0,0,0,0,0,1,0,0,0,0,0,0,0,0,5743081,5645487
D7,46,Lee,2014,4650764,"EL RINCON DE LOS SABORES","4003 15 ST SW","LEHIGH ACRES",33976,1184473,1,Food,"Routine - Food","Inspection Completed - No Further Action",06/18/2016,,,1,1,0,0,Y,0,0,1,0,0,0,0,0,0,0,0,0,0,0,0,0,0,0,0,0,0,0,0,0,0,0,0,0,0,0,0,0,0,0,0,0,0,0,0,0,0,0,0,0,0,0,0,0,0,0,0,0,0,0,0,0,0,0,5860253,5678544
D7,46,Lee,2014,4650766,"HARBORSIDE CONVENTION CENTER","1375 MONROE ST","FORT MYERS",33901,1183189,1,Food,"Routine - Food","Inspection Completed - No Further Action",10/23/2015,,,1,0,0,1,Y,0,0,0,0,0,0,0,0,0,0,0,0,0,0,0,0,0,0,0,0,0,0,0,0,0,0,0,0,0,0,0,0,0,0,0,0,0,0,0,0,0,0,0,0,0,0,0,0,0,1,0,0,0,0,0,0,0,0,5887439,5652904
D7,46,Lee,2014,4650766,"HARBORSIDE CONVENTION CENTER","1375 MONROE ST","FORT MYERS",33901,1185779,1,Food,"Routine - Food","Inspection Completed - No Further Action",03/23/2016,,,2,0,0,2,Y,0,0,0,0,0,0,0,0,0,0,0,0,0,0,0,0,0,0,0,0,0,0,0,0,0,0,0,0,0,0,0,0,0,0,0,0,0,0,0,0,0,0,0,0,0,0,0,0,0,2,0,0,0,0,0,0,0,0,5887439,5767168
D7,46,Lee,2014,4650768,"BISTRO ON THE GO INC","4480 BONITA BEACH RD","BONITA SPRINGS",34134,1185269,1,Food,"Food-Licensing Inspection","Inspection Completed - No Further Action",09/10/2015,,,0,0,0,0,Y,0,0,0,0,0,0,0,0,0,0,0,0,0,0,0,0,0,0,0,0,0,0,0,0,0,0,0,0,0,0,0,0,0,0,0,0,0,0,0,0,0,0,0,0,0,0,0,0,0,0,0,0,0,0,0,0,0,0,6238543,5729508
D7,46,Lee,2014,4650770,"HOLLOWAY/MORTON BBQ & SEAFOOD","15175 STRINGFELLOW RD #52",BOKEELIA,33922,1186269,1,Food,"Food-Licensing Inspection","Inspection Completed - No Further Action",12/14/2015,,,3,0,2,1,Y,0,0,0,0,1,0,0,0,0,0,0,0,0,0,0,1,0,0,0,0,0,0,0,0,0,0,0,0,0,0,0,0,0,0,0,0,0,0,0,0,0,0,0,0,0,0,0,0,0,0,1,0,0,0,0,0,0,0,6304788,5792394
D7,46,Lee,2014,4650771,"FORDS BOATHOUSE CART","5819 DRIFTWOOD PKWY","CAPE CORAL",33904,1182796,1,Food,"Routine - Food","Inspection Completed - No Further Action",10/15/2015,,,0,0,0,0,Y,0,0,0,0,0,0,0,0,0,0,0,0,0,0,0,0,0,0,0,0,0,0,0,0,0,0,0,0,0,0,0,0,0,0,0,0,0,0,0,0,0,0,0,0,0,0,0,0,0,0,0,0,0,0,0,0,0,0,5945817,5649313
D7,46,Lee,2014,4650772,BURGERQUE,"15291 MCGREGOR BLVD","FORT MYERS",33908,1182824,1,Food,"Routine - Food","Inspection Completed - No Further Action",12/01/2015,,,7,0,3,4,Y,0,0,0,0,0,0,0,0,0,0,0,0,0,0,0,1,0,0,0,0,0,1,2,0,0,0,0,0,0,0,0,0,0,0,0,1,0,0,0,0,1,0,0,0,0,0,0,0,0,1,0,0,0,0,0,0,0,0,5959798,5649544
D7,46,Lee,2014,4650773,"FISH MONGER RESTAURANT","19030 SAN CARLOS BLVD","FORT MYERS BEACH",33931,1183398,1,Food,"Routine - Food","Inspection Completed - No Further Action",03/07/2016,,,0,0,0,0,Y,0,0,0,0,0,0,0,0,0,0,0,0,0,0,0,0,0,0,0,0,0,0,0,0,0,0,0,0,0,0,0,0,0,0,0,0,0,0,0,0,0,0,0,0,0,0,0,0,0,0,0,0,0,0,0,0,0,0,5975944,5655043
D7,46,Lee,2014,4650773,"FISH MONGER RESTAURANT","19030 SAN CARLOS BLVD","FORT MYERS BEACH",33931,1187067,1,Food,"Routine - Food","Inspection Completed - No Further Action",05/31/2016,,,0,0,0,0,Y,0,0,0,0,0,0,0,0,0,0,0,0,0,0,0,0,0,0,0,0,0,0,0,0,0,0,0,0,0,0,0,0,0,0,0,0,0,0,0,0,0,0,0,0,0,0,0,0,0,0,0,0,0,0,0,0,0,0,5975944,5845559
D7,46,Lee,2014,4650774,"CATERING BY LESLIE ADAMS","2330 PALM RIDGE RD",SANIBEL,33957,1187176,1,Food,"Routine - Food","Inspection Completed - No Further Action",06/20/2016,,,0,0,0,0,Y,0,0,0,0,0,0,0,0,0,0,0,0,0,0,0,0,0,0,0,0,0,0,0,0,0,0,0,0,0,0,0,0,0,0,0,0,0,0,0,0,0,0,0,0,0,0,0,0,0,0,0,0,0,0,0,0,0,0,5778812,5855188
D7,46,Lee,2014,4650774,"CATERING BY LESLIE ADAMS","2330 PALM RIDGE RD",SANIBEL,33957,1182754,1,Food,"Routine - Food","Inspection Completed - No Further Action",03/23/2016,,,0,0,0,0,Y,0,0,0,0,0,0,0,0,0,0,0,0,0,0,0,0,0,0,0,0,0,0,0,0,0,0,0,0,0,0,0,0,0,0,0,0,0,0,0,0,0,0,0,0,0,0,0,0,0,0,0,0,0,0,0,0,0,0,5778812,5648997
D7,46,Lee,2014,4650776,"STEVIE TOMATOS SPORTS PAGE MOBILE","9510 MARKETPLACE RD","FORT MYERS",33912,1183084,1,Food,"Routine - Food","Inspection Completed - No Further Action",10/09/2015,,,3,1,1,1,Y,1,0,0,0,0,0,0,0,0,0,0,0,0,0,0,0,0,0,0,0,1,0,0,0,0,0,0,0,0,0,1,0,0,0,0,0,0,0,0,0,0,0,0,0,0,0,0,0,0,0,0,0,0,0,0,0,0,0,5989976,5652045
D7,46,Lee,2014,4650776,"STEVIE TOMATOS SPORTS PAGE MOBILE","9510 MARKETPLACE RD","FORT MYERS",33912,1186525,1,Food,"Routine - Food","Inspection Completed - No Further Action",06/09/2016,,,1,1,0,0,Y,0,0,0,0,0,0,0,0,0,0,0,0,0,0,0,0,0,0,0,0,0,0,0,0,0,0,0,0,0,0,0,0,0,0,0,0,0,0,0,0,1,0,0,0,0,0,0,0,0,0,0,0,0,0,0,0,0,0,5989976,5805593
D7,46,Lee,2014,4650778,"JACK'S BBQ","308 DEL PRADO BLVD","CAPE CORAL",33990,1183513,1,Food,"Routine - Food","Inspection Completed - No Further Action",12/18/2015,,,1,0,0,1,Y,0,0,0,0,0,0,0,0,0,0,0,0,0,0,0,0,0,0,0,0,0,0,0,0,0,0,0,0,0,0,1,0,0,0,0,0,0,0,0,0,0,0,0,0,0,0,0,0,0,0,0,0,0,0,0,0,0,0,5997398,5656111
D7,46,Lee,2014,4650780,"NELL'S KITCHEN","3165 GUAVA ST","FORT MYERS",33916,1182961,1,Food,"Routine - Food","Warning Issued",05/11/2016,,,2,0,2,0,Y,0,0,0,0,0,0,0,0,0,0,0,0,0,0,0,0,0,0,0,0,0,0,0,0,0,0,0,0,0,0,0,0,0,0,0,0,0,0,0,0,0,0,0,0,0,0,0,0,0,0,0,0,2,0,0,0,0,0,6032203,5650915
D7,46,Lee,2014,4650783,"CLASSIC CUBAN","17308 PARK 78 DRIVE","NORTH FORT MYERS",33917,1183908,1,Food,"Routine - Food","Inspection Completed - No Further Action",03/07/2016,,,0,0,0,0,Y,0,0,0,0,0,0,0,0,0,0,0,0,0,0,0,0,0,0,0,0,0,0,0,0,0,0,0,0,0,0,0,0,0,0,0,0,0,0,0,0,0,0,0,0,0,0,0,0,0,0,0,0,0,0,0,0,0,0,6010874,5660380
D7,46,Lee,2014,4650784,"CABANA DAN'S AT BAREFOOT","505 BAREFOOT BEACH BLVD.","BONITA SPRINGS",34134,1183427,3,Food,"Routine - Food","Call Back - Extension given, pending",04/05/2016,,,2,0,2,0,Y,0,0,0,0,0,0,0,0,0,0,0,0,0,0,0,0,0,0,0,0,0,0,0,0,0,0,0,0,0,0,0,0,0,0,0,0,0,0,0,0,0,0,0,0,0,0,0,0,0,0,0,0,2,0,0,0,0,0,6042118,5806676
D7,46,Lee,2014,4650784,"CABANA DAN'S AT BAREFOOT","505 BAREFOOT BEACH BLVD.","BONITA SPRINGS",34134,1183427,1,Food,"Routine - Food","Warning Issued",12/22/2015,,,9,2,6,1,Y,0,0,1,0,0,0,0,2,0,0,0,1,0,0,0,0,0,0,0,0,0,0,0,0,0,0,0,0,0,0,1,0,0,0,0,0,0,0,0,0,0,0,0,0,0,0,0,0,0,0,0,0,4,0,0,0,0,0,6042118,5655307
D7,46,Lee,2014,4650784,"CABANA DAN'S AT BAREFOOT","505 BAREFOOT BEACH BLVD.","BONITA SPRINGS",34134,1183427,4,Food,"Routine - Food","Call Back - Complied",05/10/2016,,,0,0,0,0,Y,0,0,0,0,0,0,0,0,0,0,0,0,0,0,0,0,0,0,0,0,0,0,0,0,0,0,0,0,0,0,0,0,0,0,0,0,0,0,0,0,0,0,0,0,0,0,0,0,0,0,0,0,0,0,0,0,0,0,6042118,5862244
D7,46,Lee,2014,4650784,"CABANA DAN'S AT BAREFOOT","505 BAREFOOT BEACH BLVD.","BONITA SPRINGS",34134,1183427,2,Food,"Routine - Food","Call Back - Extension given, pending",12/23/2015,,,5,0,4,1,Y,0,0,0,0,0,0,0,1,0,0,0,0,0,0,0,0,0,0,0,0,0,0,0,0,0,0,0,0,0,0,0,0,0,0,0,0,0,0,0,0,0,0,0,0,0,0,0,0,0,0,0,0,4,0,0,0,0,0,6042118,5805319
D7,46,Lee,2014,4650785,"RED ROC CRAVINGS LLC.","877 CAPE CORAL PKWY E","CAPE CORAL",33904,1183095,3,Food,"Routine - Food","Call Back - Complied",12/22/2015,,,1,0,0,1,Y,0,0,0,0,0,0,0,0,0,0,0,0,0,1,0,0,0,0,0,0,0,0,0,0,0,0,0,0,0,0,0,0,0,0,0,0,0,0,0,0,0,0,0,0,0,0,0,0,0,0,0,0,0,0,0,0,0,0,6050183,5747439
D7,46,Lee,2014,4650785,"RED ROC CRAVINGS LLC.","877 CAPE CORAL PKWY E","CAPE CORAL",33904,1183095,2,Food,"Routine - Food","Call Back - Extension given, pending",09/30/2015,,,3,0,2,1,Y,0,0,0,0,0,0,0,0,0,0,0,0,0,1,0,0,0,0,0,0,0,0,0,0,0,0,0,0,0,0,0,0,0,0,0,0,0,0,0,0,0,0,0,0,0,0,0,0,0,0,0,0,2,0,0,0,0,0,6050183,5733141
D7,46,Lee,2014,4650785,"RED ROC CRAVINGS LLC.","877 CAPE CORAL PKWY E","CAPE CORAL",33904,1183095,1,Food,"Routine - Food","Warning Issued",09/11/2015,,,8,2,3,3,Y,0,0,1,0,0,0,0,0,0,0,0,1,0,2,0,0,0,0,0,0,0,0,2,0,0,0,0,0,0,0,0,0,0,0,0,0,0,0,0,0,0,0,0,0,0,0,0,0,0,0,0,0,2,0,0,0,0,0,6050183,5652152
D7,46,Lee,2014,4650785,"RED ROC CRAVINGS LLC.","877 CAPE CORAL PKWY E","CAPE CORAL",33904,1185307,1,Food,"Routine - Food","Inspection Completed - No Further Action",05/31/2016,,,1,0,0,1,Y,0,0,0,0,0,0,0,0,0,0,0,0,0,0,0,0,0,0,0,0,0,0,0,0,0,0,0,0,0,0,0,0,0,0,0,0,0,1,0,0,0,0,0,0,0,0,0,0,0,0,0,0,0,0,0,0,0,0,6050183,5733508
D7,46,Lee,2014,4650786,"BONY TRANCHANT ENTERPRISES INC","1501 ORTIZ AVE","FORT MYERS",33905,1185213,1,Food,"Food-Licensing Inspection","Emergency order recommended",09/26/2015,,,8,3,5,0,Y,1,0,1,1,0,0,0,0,0,0,0,1,0,1,0,1,0,0,0,0,0,0,0,0,0,0,1,0,0,0,1,0,0,0,0,0,0,0,0,0,0,0,0,0,0,0,0,0,0,0,0,0,0,0,0,0,0,0,6226713,5725698
D7,46,Lee,2014,4650786,"BONY TRANCHANT ENTERPRISES INC","1501 ORTIZ AVE","FORT MYERS",33905,1185213,2,Food,"Food-Licensing Inspection","Emergency Order Callback Complied",10/03/2015,,,2,0,2,0,Y,0,0,0,0,0,0,0,0,0,0,0,0,0,0,0,1,0,0,0,0,0,0,0,0,0,0,1,0,0,0,0,0,0,0,0,0,0,0,0,0,0,0,0,0,0,0,0,0,0,0,0,0,0,0,0,0,0,0,6226713,5744678
D7,46,Lee,2014,4650786,"BONY TRANCHANT ENTERPRISES INC","1501 ORTIZ AVE","FORT MYERS",33905,1186283,1,Food,"Routine - Food","Warning Issued",12/05/2015,,,10,3,6,1,Y,0,0,0,0,0,0,0,1,0,0,0,0,0,1,0,1,0,0,0,0,0,0,0,0,0,0,0,0,1,0,1,0,0,0,0,0,0,0,0,0,1,0,0,0,0,0,0,1,0,1,0,0,3,0,0,0,0,0,6226713,5793393
D7,46,Lee,2014,4650786,"BONY TRANCHANT ENTERPRISES INC","1501 ORTIZ AVE","FORT MYERS",33905,1185213,3,Food,"Food-Licensing Inspection","Admin. Complaint Callback Complied",03/12/2016,,,0,0,0,0,Y,0,0,0,0,0,0,0,0,0,0,0,0,0,0,0,0,0,0,0,0,0,0,0,0,0,0,0,0,0,0,0,0,0,0,0,0,0,0,0,0,0,0,0,0,0,0,0,0,0,0,0,0,0,0,0,0,0,0,6226713,5848963
D7,46,Lee,2014,4650788,"3F FRESH FAST FOOD CORP","2718 SE 18 PL","CAPE CORAL",33904,1183637,1,Food,"Routine - Food","Inspection Completed - No Further Action",10/27/2015,,,2,1,1,0,Y,0,0,1,0,0,0,0,0,0,0,0,0,0,1,0,0,0,0,0,0,0,0,0,0,0,0,0,0,0,0,0,0,0,0,0,0,0,0,0,0,0,0,0,0,0,0,0,0,0,0,0,0,0,0,0,0,0,0,6071172,5657389
D7,46,Lee,2014,4650791,"LOS TAQUITOS MEXICAN FOOD","4217 PALM BEACH BLVD","FORT MYERS",33905,1186036,1,Food,"Food-Licensing Inspection","Warning Issued",11/20/2015,,,1,1,0,0,Y,0,0,0,0,0,0,0,0,0,0,0,0,0,0,0,0,0,0,0,0,0,0,0,0,0,0,0,0,0,0,0,0,0,0,1,0,0,0,0,0,0,0,0,0,0,0,0,0,0,0,0,0,0,0,0,0,0,0,6144154,5779298
D7,46,Lee,2014,4650791,"LOS TAQUITOS MEXICAN FOOD","4217 PALM BEACH BLVD","FORT MYERS",33905,1186036,2,Food,"Food-Licensing Inspection","Call Back - Complied",11/22/2015,,,0,0,0,0,Y,0,0,0,0,0,0,0,0,0,0,0,0,0,0,0,0,0,0,0,0,0,0,0,0,0,0,0,0,0,0,0,0,0,0,0,0,0,0,0,0,0,0,0,0,0,0,0,0,0,0,0,0,0,0,0,0,0,0,6144154,5784714
D7,46,Lee,2014,4650792,"BULLSEYE HOT DOGS","7890 SUMMERLIN LAKE DR","FORT MYERS",33907,1184054,1,Food,"Routine - Food","Inspection Completed - No Further Action",11/03/2015,,,1,0,1,0,Y,0,0,0,0,0,0,0,0,0,0,0,0,0,0,0,1,0,0,0,0,0,0,0,0,0,0,0,0,0,0,0,0,0,0,0,0,0,0,0,0,0,0,0,0,0,0,0,0,0,0,0,0,0,0,0,0,0,0,6135934,5661537
D7,46,Lee,2014,4650793,"GRETCHEN'S COUNTRY KITCHEN","1811 NE 2ND PLACE","CAPE CORAL",33909,1183125,1,Food,"Routine - Food","Inspection Completed - No Further Action",12/18/2015,,,1,1,0,0,Y,0,0,0,0,0,0,0,0,0,0,0,0,0,0,0,0,0,0,0,0,0,0,0,0,0,0,0,0,0,0,0,0,0,0,0,0,0,0,0,0,0,0,0,0,0,0,0,0,0,1,0,0,0,0,0,0,0,0,6146204,5652381
D7,46,Lee,2014,4650793,"GRETCHEN'S COUNTRY KITCHEN","1811 NE 2ND PLACE","CAPE CORAL",33909,1186479,1,Food,"Routine - Food","Inspection Completed - No Further Action",05/23/2016,,,0,0,0,0,Y,0,0,0,0,0,0,0,0,0,0,0,0,0,0,0,0,0,0,0,0,0,0,0,0,0,0,0,0,0,0,0,0,0,0,0,0,0,0,0,0,0,0,0,0,0,0,0,0,0,0,0,0,0,0,0,0,0,0,6146204,5803498
D7,46,Lee,2014,4650794,"FONTANA FOODS","17680 EAGLEVIEW LANE","CAPE CORAL",33909,1182969,1,Food,"Routine - Food","Warning Issued",11/05/2015,,,5,0,1,4,Y,0,1,0,0,0,0,0,0,0,0,0,0,0,1,0,0,0,0,0,0,1,0,0,0,0,0,0,0,0,0,1,0,0,0,0,0,0,0,0,0,0,0,0,0,0,0,0,0,0,0,0,0,1,0,0,0,0,0,6162901,5650959
D7,46,Lee,2014,4650794,"FONTANA FOODS","17680 EAGLEVIEW LANE","CAPE CORAL",33909,1182969,2,Food,"Routine - Food","Call Back - Complied",01/25/2016,,,4,0,0,4,Y,0,1,0,0,0,0,0,0,0,0,0,0,0,1,0,0,0,0,0,0,1,0,0,0,0,0,0,0,0,0,1,0,0,0,0,0,0,0,0,0,0,0,0,0,0,0,0,0,0,0,0,0,0,0,0,0,0,0,6162901,5775217
D7,46,Lee,2014,4650795,"ONE CUP OF COFFEE","3237 F FOWLER ST","FORT MYERS",33901,1184578,1,Food,"Food-Licensing Inspection","Inspection Completed - No Further Action",07/15/2015,,,0,0,0,0,Y,0,0,0,0,0,0,0,0,0,0,0,0,0,0,0,0,0,0,0,0,0,0,0,0,0,0,0,0,0,0,0,0,0,0,0,0,0,0,0,0,0,0,0,0,0,0,0,0,0,0,0,0,0,0,0,0,0,0,6179353,5683014
D7,46,Lee,2014,4650796,"FAMOUS CORNER","535 EVERGREEN RD","NORTH FORT MYERS",33903,1185715,1,Food,"Food-Licensing Inspection","Inspection Completed - No Further Action",10/21/2015,,,2,0,2,0,Y,0,0,0,0,0,0,0,0,0,0,0,0,0,0,0,0,0,0,0,0,0,0,0,0,0,0,0,0,0,0,0,0,0,0,0,0,0,0,0,0,0,0,0,0,0,0,0,0,0,0,0,0,2,0,0,0,0,0,6191586,5761640
D7,46,Lee,2014,4650796,"FAMOUS CORNER","535 EVERGREEN RD","NORTH FORT MYERS",33903,1185740,1,Food,"Routine - Food","Inspection Completed - No Further Action",03/28/2016,,,2,0,1,1,Y,0,0,0,0,0,0,0,1,0,0,0,0,0,0,0,0,0,0,0,0,0,0,0,0,0,0,0,0,0,0,1,0,0,0,0,0,0,0,0,0,0,0,0,0,0,0,0,0,0,0,0,0,0,0,0,0,0,0,6191586,5763999
D7,46,Lee,2014,4650797,"ROLLIN' RAW BAR","14931 A AND W BULB RD","FORT MYERS",33908,1185009,1,Food,"Food-Licensing Inspection","Inspection Completed - No Further Action",08/31/2015,,,2,0,1,1,Y,0,0,0,0,1,0,0,0,0,0,0,0,0,0,0,1,0,0,0,0,0,0,0,0,0,0,0,0,0,0,0,0,0,0,0,0,0,0,0,0,0,0,0,0,0,0,0,0,0,0,0,0,0,0,0,0,0,0,6220009,5712072
D7,46,Lee,2014,4650798,"CRAVINGZ FOOD","12960 COMMERCE LAKE DRIVE","FORT MYERS",33913,1185013,1,Food,"Food-Licensing Inspection","Inspection Completed - No Further Action",08/26/2015,,,2,0,2,0,Y,0,0,0,0,1,0,0,0,0,0,0,0,0,0,0,1,0,0,0,0,0,0,0,0,0,0,0,0,0,0,0,0,0,0,0,0,0,0,0,0,0,0,0,0,0,0,0,0,0,0,0,0,0,0,0,0,0,0,6213353,5712395
D7,46,Lee,2014,4650799,"THE MUNCH MOBILE","8930 PENZANCE BLVD","FORT MYERS",33912,1184946,1,Food,"Food-Licensing Inspection","Inspection Completed - No Further Action",08/31/2015,,,0,0,0,0,Y,0,0,0,0,0,0,0,0,0,0,0,0,0,0,0,0,0,0,0,0,0,0,0,0,0,0,0,0,0,0,0,0,0,0,0,0,0,0,0,0,0,0,0,0,0,0,0,0,0,0,0,0,0,0,0,0,0,0,6208334,5707031
D7,46,Lee,2014,4650799,"THE MUNCH MOBILE","8930 PENZANCE BLVD","FORT MYERS",33912,1185203,1,Food,"Routine - Food","Inspection Completed - No Further Action",06/21/2016,,,1,0,0,1,Y,0,0,0,0,0,0,0,0,0,1,0,0,0,0,0,0,0,0,0,0,0,0,0,0,0,0,0,0,0,0,0,0,0,0,0,0,0,0,0,0,0,0,0,0,0,0,0,0,0,0,0,0,0,0,0,0,0,0,6208334,5725626
D7,46,Lee,2014,4650800,"LEESAR INC","2727 WINKLER AVENUE","FORT MYERS",33901,1180345,1,Food,"Food-Licensing Inspection","Inspection Completed - No Further Action",08/28/2015,,,1,0,0,1,Y,0,0,0,0,0,0,0,0,0,0,0,0,0,0,0,0,0,0,0,0,0,0,0,0,0,0,0,0,1,0,0,0,0,0,0,0,0,0,0,0,0,0,0,0,0,0,0,0,0,0,0,0,0,0,0,0,0,0,6154748,5570307
D7,46,Lee,2014,4650801,"RACKEM WEINERS","1224 SE 46 LN","CAPE CORAL",33904,1184918,1,Food,"Food-Licensing Inspection","Inspection Completed - No Further Action",09/08/2015,,,1,0,1,0,Y,0,0,0,0,0,0,0,0,0,0,0,0,0,0,0,1,0,0,0,0,0,0,0,0,0,0,0,0,0,0,0,0,0,0,0,0,0,0,0,0,0,0,0,0,0,0,0,0,0,0,0,0,0,0,0,0,0,0,6207342,5704664
D7,46,Lee,2014,4650802,"THE CORNER LUNCH BOX","17030 TERRAVERDE CIR","FORT MYERS",33908,1185373,1,Food,"Food-Licensing Inspection","Inspection Completed - No Further Action",10/16/2015,,,2,0,1,1,Y,0,0,0,0,1,0,0,0,0,0,0,0,0,0,0,0,0,0,0,0,0,0,0,0,0,0,0,0,0,0,0,0,0,0,0,0,0,0,0,0,0,0,0,0,0,0,0,0,0,1,0,0,0,0,0,0,0,0,6245092,5738695
D7,46,Lee,2014,4650803,"EL TACO LOCO","3720 16TH PLACE SW","CAPE CORAL",33914,1185275,1,Food,"Food-Licensing Inspection","Inspection Completed - No Further Action",09/17/2015,,,1,0,0,1,Y,0,0,0,0,0,0,0,0,0,0,0,0,0,0,0,0,0,0,0,0,0,0,0,0,0,0,0,0,0,0,0,0,0,0,0,0,0,0,0,0,0,0,0,0,0,0,0,0,0,0,1,0,0,0,0,0,0,0,6234717,5730844
D7,46,Lee,2014,4650804,"CALIFORNIA BURRITOS","1908 BOYSCOUT DR","FORT MYERS",33907,1184763,1,Food,"Food-Licensing Inspection","Inspection Completed - No Further Action",09/22/2015,,,2,0,2,0,Y,0,0,0,0,0,0,0,0,0,0,0,0,0,0,0,1,0,0,0,0,0,1,0,0,0,0,0,0,0,0,0,0,0,0,0,0,0,0,0,0,0,0,0,0,0,0,0,0,0,0,0,0,0,0,0,0,0,0,6184939,5693730
D7,46,Lee,2014,4650804,"CALIFORNIA BURRITOS","1908 BOYSCOUT DR","FORT MYERS",33907,1185408,1,Food,"Routine - Food","Administrative complaint recommended",06/22/2016,,,5,1,3,1,Y,0,0,1,0,0,0,0,0,0,0,0,0,0,0,0,0,0,0,0,0,0,0,0,0,0,0,0,0,0,0,0,0,0,0,0,0,0,0,0,0,0,0,0,0,0,0,0,0,0,2,0,0,3,0,0,0,0,0,6184939,5741470
D7,46,Lee,2014,4650805,"HUNGRY PONY","1956 PARK MEADOWS DRIVE","FORT MYERS",33907,1185567,1,Food,"Food-Licensing Inspection","Inspection Completed - No Further Action",10/23/2015,,,0,0,0,0,Y,0,0,0,0,0,0,0,0,0,0,0,0,0,0,0,0,0,0,0,0,0,0,0,0,0,0,0,0,0,0,0,0,0,0,0,0,0,0,0,0,0,0,0,0,0,0,0,0,0,0,0,0,0,0,0,0,0,0,6254882,5752427
D7,46,Lee,2014,4650806,"HOLLOWAY/MORTON BBQ AND SEAFOOD","15175 STRING FELLOW RD 52",BOKEELIA,33922,1185818,1,Food,"Routine - Food","Warning Issued",05/19/2016,,,3,1,1,1,Y,0,0,0,0,0,0,0,1,0,0,0,0,0,1,0,0,0,0,0,0,0,0,0,0,0,0,0,0,0,0,0,0,0,0,0,0,0,0,0,0,0,0,0,0,0,0,0,0,0,0,0,0,1,0,0,0,0,0,6262558,5769609
D7,46,Lee,2014,4650806,"HOLLOWAY/MORTON BBQ AND SEAFOOD","15175 STRING FELLOW RD 52",BOKEELIA,33922,1185659,1,Food,"Food-Licensing Inspection","Inspection Completed - No Further Action",10/28/2015,,,0,0,0,0,Y,0,0,0,0,0,0,0,0,0,0,0,0,0,0,0,0,0,0,0,0,0,0,0,0,0,0,0,0,0,0,0,0,0,0,0,0,0,0,0,0,0,0,0,0,0,0,0,0,0,0,0,0,0,0,0,0,0,0,6262558,5757565
D7,46,Lee,2014,4650807,"MARGARITA C RODRIGUEZ","644 NE 7TH TERR","CAPE CORAL",33909,1186251,1,Food,"Food-Licensing Inspection","Inspection Completed - No Further Action",12/08/2015,,,3,0,2,1,Y,0,0,0,0,1,0,0,0,0,0,0,0,0,0,0,1,0,0,0,0,0,0,0,0,0,0,0,0,0,0,1,0,0,0,0,0,0,0,0,0,0,0,0,0,0,0,0,0,0,0,0,0,0,0,0,0,0,0,6291980,5791725
D7,46,Lee,2014,4650808,"JAMARICAN TASTE BUDS","2739 LAFAYETTE ST","FORT MYERS",33916,1186470,1,Food,"Food-Licensing Inspection","Inspection Completed - No Further Action",12/21/2015,,,3,0,2,1,Y,0,0,0,0,1,0,0,0,0,0,0,0,0,0,0,1,0,0,0,0,0,0,0,0,0,0,0,0,0,0,1,0,0,0,0,0,0,0,0,0,0,0,0,0,0,0,0,0,0,0,0,0,0,0,0,0,0,0,6310444,5802631
D7,46,Lee,2014,4650809,"CHELLE'S SPECIAL TOUCH","3210 DR MLK BLVD","FORT MYERS",33916,1186700,1,Food,"Food-Licensing Inspection","Inspection Completed - No Further Action",01/27/2016,,,0,0,0,0,Y,0,0,0,0,0,0,0,0,0,0,0,0,0,0,0,0,0,0,0,0,0,0,0,0,0,0,0,0,0,0,0,0,0,0,0,0,0,0,0,0,0,0,0,0,0,0,0,0,0,0,0,0,0,0,0,0,0,0,6328559,5817133
D7,46,Lee,2014,4650810,"FONTANA FOODS","17680 EAGLE VIEW LN","CAPE CORAL",33909,1186904,1,Food,"Food-Licensing Inspection","Inspection Completed - No Further Action",02/26/2016,,,0,0,0,0,Y,0,0,0,0,0,0,0,0,0,0,0,0,0,0,0,0,0,0,0,0,0,0,0,0,0,0,0,0,0,0,0,0,0,0,0,0,0,0,0,0,0,0,0,0,0,0,0,0,0,0,0,0,0,0,0,0,0,0,6362515,5835315
D7,46,Lee,2014,4650811,"HOT DOG KING","850 LAFAYETTE ST","CAPE CORAL",33904,1186987,1,Food,"Food-Licensing Inspection","Inspection Completed - No Further Action",03/01/2016,,,1,0,0,1,Y,0,0,0,0,0,0,0,0,0,0,0,0,0,0,0,0,0,0,0,0,0,0,0,0,0,0,0,0,0,0,0,0,0,0,0,0,0,0,0,0,0,0,0,0,0,0,0,0,0,0,1,0,0,0,0,0,0,0,6357475,5839895
D7,46,Lee,2014,4650812,"BIG SMOKE BBQ & CATERING","3100 9TH ST W","LEHIGH ACRES",33971,1187000,1,Food,"Food-Licensing Inspection","Inspection Completed - No Further Action",03/09/2016,,,1,0,1,0,Y,0,0,0,0,0,0,0,0,0,0,0,0,0,0,0,1,0,0,0,0,0,0,0,0,0,0,0,0,0,0,0,0,0,0,0,0,0,0,0,0,0,0,0,0,0,0,0,0,0,0,0,0,0,0,0,0,0,0,6356565,5840239
D7,46,Lee,2014,4650813,"SANDBAR BREEZE ICE CREAM LLC","16960 ALICO MISSION WAY, SUITE 103","FORT MYERS",33908,1187341,1,Food,"Food-Licensing Inspection","Inspection Completed - No Further Action",04/21/2016,,,2,1,1,0,Y,0,0,0,0,0,0,0,0,0,0,0,0,0,0,0,2,0,0,0,0,0,0,0,0,0,0,0,0,0,0,0,0,0,0,0,0,0,0,0,0,0,0,0,0,0,0,0,0,0,0,0,0,0,0,0,0,0,0,6411858,5870507
D7,46,Lee,2014,4650814,"ROBERT MANN","11506 S. CLEVELAND AVENUE","FT MYERS",33907,1187277,1,Food,"Food-Licensing Inspection","Inspection Completed - No Further Action",05/04/2016,,,0,0,0,0,Y,0,0,0,0,0,0,0,0,0,0,0,0,0,0,0,0,0,0,0,0,0,0,0,0,0,0,0,0,0,0,0,0,0,0,0,0,0,0,0,0,0,0,0,0,0,0,0,0,0,0,0,0,0,0,0,0,0,0,6396585,5864935
D7,46,Lee,2014,4650815,"RICKS STANDARD FOODS","8330 LITTLETON RD","N FORT MYERS",33903,1187521,1,Food,"Food-Licensing Inspection","Inspection Completed - No Further Action",05/13/2016,,,1,0,1,0,Y,0,0,0,0,0,0,0,0,0,0,0,0,0,0,0,0,0,0,0,0,0,0,0,0,0,0,0,0,0,0,0,0,0,0,0,0,0,0,0,0,0,0,0,0,0,0,0,0,0,0,0,0,1,0,0,0,0,0,6408286,5883209
D7,46,Lee,2014,4650817,"PICANTE'S LATIN CUISINE","305 NE 23 ST","CAPE CORAL",33909,1187640,1,Food,"Food-Licensing Inspection","Inspection Completed - No Further Action",05/31/2016,,,0,0,0,0,Y,0,0,0,0,0,0,0,0,0,0,0,0,0,0,0,0,0,0,0,0,0,0,0,0,0,0,0,0,0,0,0,0,0,0,0,0,0,0,0,0,0,0,0,0,0,0,0,0,0,0,0,0,0,0,0,0,0,0,6440571,5892085
D7,51,Manatee,2010,5100001,"PALM-AIRE COUNTRY CLUB","5601 COUNTRY CLUB WAY",SARASOTA,342433763,2496258,1,Food,"Routine - Food","Inspection Completed - No Further Action",01/21/2016,,,8,1,1,6,Y,0,0,1,0,0,0,0,0,0,0,0,1,0,0,0,1,0,0,0,0,0,0,0,0,0,0,0,0,0,0,1,0,0,0,0,3,0,0,0,1,0,0,0,0,0,0,0,0,0,0,0,0,0,0,0,0,0,0,2199413,5602259
D7,51,Manatee,2010,5100001,"PALM-AIRE COUNTRY CLUB","5601 COUNTRY CLUB WAY",SARASOTA,342433763,2573715,1,Food,"Routine - Food","Inspection Completed - No Further Action",06/16/2016,,,3,1,2,0,Y,0,2,0,0,0,0,0,1,0,0,0,0,0,0,0,0,0,0,0,0,0,0,0,0,0,0,0,0,0,0,0,0,0,0,0,0,0,0,0,0,0,0,0,0,0,0,0,0,0,0,0,0,0,0,0,0,0,0,2199413,5820055
D7,51,Manatee,2010,5100013,"KEY ROYALE CLUB INC","700 KEY ROYALE DR","HOLMES BCH",34217,2534169,1,Food,"Routine - Food","Warning Issued",12/18/2015,,,13,3,5,5,Y,0,3,1,0,0,0,0,1,0,0,0,0,0,1,0,0,0,0,0,0,0,2,0,0,0,0,0,0,1,0,1,0,0,0,0,1,0,0,0,0,0,0,0,0,0,0,0,0,0,0,1,0,1,0,0,0,0,0,2199428,5677009
D7,51,Manatee,2010,5100013,"KEY ROYALE CLUB INC","700 KEY ROYALE DR","HOLMES BCH",34217,2534169,2,Food,"Routine - Food","Call Back - Extension given, pending",01/04/2016,,,5,1,2,2,Y,0,2,0,0,0,0,0,1,0,0,0,0,0,1,0,0,0,0,0,0,0,0,0,0,0,0,0,0,0,0,1,0,0,0,0,0,0,0,0,0,0,0,0,0,0,0,0,0,0,0,0,0,0,0,0,0,0,0,2199428,5809342
D7,51,Manatee,2010,5100013,"KEY ROYALE CLUB INC","700 KEY ROYALE DR","HOLMES BCH",34217,2534169,3,Food,"Routine - Food","Call Back - Extension given, pending",01/12/2016,,,1,0,1,0,Y,0,0,0,0,0,0,0,0,0,0,0,0,0,0,0,0,0,0,0,0,0,0,0,0,0,0,0,0,0,0,1,0,0,0,0,0,0,0,0,0,0,0,0,0,0,0,0,0,0,0,0,0,0,0,0,0,0,0,2199428,5809903
D7,51,Manatee,2010,5100013,"KEY ROYALE CLUB INC","700 KEY ROYALE DR","HOLMES BCH",34217,2534169,4,Food,"Routine - Food","Call Back - Complied",02/16/2016,,,0,0,0,0,Y,0,0,0,0,0,0,0,0,0,0,0,0,0,0,0,0,0,0,0,0,0,0,0,0,0,0,0,0,0,0,0,0,0,0,0,0,0,0,0,0,0,0,0,0,0,0,0,0,0,0,0,0,0,0,0,0,0,0,2199428,5814811
D7,51,Manatee,2010,5100027,"EUPHEMIA HAYE RESTAURANT","5540 GULF OF MEXICO DR","LONGBOAT KEY",342281904,2534171,1,Food,"Routine - Food","Warning Issued",02/23/2016,,,15,4,5,6,Y,1,2,1,0,0,0,0,0,0,1,0,0,0,0,0,1,0,0,0,0,0,0,0,1,0,0,0,0,1,0,2,1,0,0,0,1,0,0,0,0,1,0,0,0,0,0,0,0,0,0,1,0,1,0,0,0,0,0,2199444,5677012
D7,51,Manatee,2010,5100027,"EUPHEMIA HAYE RESTAURANT","5540 GULF OF MEXICO DR","LONGBOAT KEY",342281904,2534171,2,Food,"Routine - Food","Call Back - Complied",05/06/2016,,,0,0,0,0,Y,0,0,0,0,0,0,0,0,0,0,0,0,0,0,0,0,0,0,0,0,0,0,0,0,0,0,0,0,0,0,0,0,0,0,0,0,0,0,0,0,0,0,0,0,0,0,0,0,0,0,0,0,0,0,0,0,0,0,2199444,5839854
D7,51,Manatee,2010,5100027,"EUPHEMIA HAYE RESTAURANT","5540 GULF OF MEXICO DR","LONGBOAT KEY",342281904,2576945,1,Food,"Routine - Food","Inspection Completed - No Further Action",05/06/2016,,,5,1,0,4,Y,0,0,1,0,0,0,0,1,0,0,0,0,0,0,0,0,0,0,0,0,0,0,0,0,1,0,0,0,0,0,0,0,0,0,0,1,0,0,0,0,0,0,0,0,0,0,0,0,0,0,1,0,0,0,0,0,0,0,2199444,5840166
D7,51,Manatee,2010,5100040,"LANTERN RESTAURANT","3126 1ST STREET",BRADENTON,34208,2499099,1,Food,"Routine - Food","Inspection Completed - No Further Action",04/06/2016,,,7,1,1,5,Y,0,0,1,0,0,0,0,1,0,0,0,1,0,2,0,0,0,0,0,0,1,0,0,0,1,0,0,0,0,0,0,0,0,0,0,0,0,0,0,0,0,0,0,0,0,0,0,0,0,0,0,0,0,0,0,0,0,0,2199456,5608014
D7,51,Manatee,2010,5100040,"LANTERN RESTAURANT","3126 1ST STREET",BRADENTON,34208,2580013,1,Food,"Routine - Food","Inspection Completed - No Further Action",06/16/2016,,,4,1,1,2,Y,0,0,0,0,0,0,0,1,0,0,0,1,0,0,0,1,0,0,0,0,0,0,0,0,0,0,0,0,0,0,0,0,0,0,0,0,0,1,0,0,0,0,0,0,0,0,0,0,0,0,0,0,0,0,0,0,0,0,2199456,5863423
D7,51,Manatee,2010,5100048,"RED LOBSTER #0027","5711 W 14 ST",BRADENTON,34207,2540113,1,Food,"Routine - Food","Inspection Completed - No Further Action",03/28/2016,,,4,0,1,3,Y,0,0,0,0,0,0,0,0,0,0,0,0,1,1,0,0,0,0,0,0,0,0,0,0,0,0,0,0,0,0,1,0,0,0,0,1,0,0,0,0,0,0,0,0,0,0,0,0,0,0,0,0,0,0,0,0,0,0,5911206,5695970
D7,51,Manatee,2010,5100048,"RED LOBSTER #0027","5711 W 14 ST",BRADENTON,34207,2526038,1,Food,"Routine - Food","Inspection Completed - No Further Action",07/23/2015,,,4,3,1,0,Y,0,0,1,0,0,0,0,0,0,0,0,1,0,0,0,0,0,0,0,0,0,0,0,0,0,0,0,0,0,0,1,0,0,0,1,0,0,0,0,0,0,0,0,0,0,0,0,0,0,0,0,0,0,0,0,0,0,0,5911206,5648960
D7,51,Manatee,2010,5100063,"CORTEZ CAFE","12108 CORTEZ RD",CORTEZ,34215,2499100,1,Food,"Routine - Food","Inspection Completed - No Further Action",03/11/2016,,,9,4,3,2,Y,0,2,2,0,0,0,0,0,0,0,0,0,0,0,0,1,0,0,0,0,0,0,0,0,0,0,0,0,2,0,0,0,1,0,0,0,0,0,0,0,1,0,0,0,0,0,0,0,0,0,0,0,0,0,0,0,0,0,2199478,5608015
D7,51,Manatee,2010,5100066,"POPI'S PLACE IV","3911 US 301 N",ELLENTON,34222,2534883,1,Food,"Routine - Food","Inspection Completed - No Further Action",11/24/2015,,,7,3,1,3,Y,0,0,1,0,0,0,0,1,0,0,0,0,0,0,0,0,0,0,0,0,2,1,0,0,0,0,0,0,0,0,0,0,0,0,0,0,0,0,0,0,1,0,0,0,0,0,0,0,0,0,0,0,1,0,0,0,0,0,6098738,5678402
D7,51,Manatee,2010,5100066,"POPI'S PLACE IV","3911 US 301 N",ELLENTON,34222,2541316,3,Food,"Complaint Full","Call Back - Complied",11/10/2015,,,0,0,0,0,Y,0,0,0,0,0,0,0,0,0,0,0,0,0,0,0,0,0,0,0,0,0,0,0,0,0,0,0,0,0,0,0,0,0,0,0,0,0,0,0,0,0,0,0,0,0,0,0,0,0,0,0,0,0,0,0,0,0,0,6098738,5776987
D7,51,Manatee,2010,5100066,"POPI'S PLACE IV","3911 US 301 N",ELLENTON,34222,2541316,2,Food,"Complaint Full","Call Back - Extension given, pending",11/06/2015,,,5,3,0,2,Y,1,0,2,0,0,0,0,0,0,0,0,0,0,0,0,0,0,0,0,0,0,0,0,1,0,0,0,0,0,0,0,0,0,0,0,0,0,1,0,0,0,0,0,0,0,0,0,0,0,0,0,0,0,0,0,0,0,0,6098738,5722708
D7,51,Manatee,2010,5100066,"POPI'S PLACE IV","3911 US 301 N",ELLENTON,34222,2541316,1,Food,"Complaint Full","Warning Issued",08/27/2015,,,15,5,3,7,Y,1,0,2,0,0,0,0,2,0,0,0,1,0,3,0,0,0,0,0,0,1,0,1,1,0,0,1,0,0,0,1,0,0,0,0,0,0,1,0,0,0,0,0,0,0,0,0,0,0,0,0,0,0,0,0,0,0,0,6098738,5700597
D7,51,Manatee,2010,5100067,"KENTUCKY FRIED CHICKEN","1420 CORTEZ RD",BRADENTON,342071319,2496264,1,Food,"Routine - Food","Inspection Completed - No Further Action",10/13/2015,,,6,0,1,5,Y,0,0,0,0,1,0,0,2,0,0,0,0,0,0,0,0,0,0,0,0,0,1,0,0,0,0,0,0,1,0,0,0,0,0,0,1,0,0,0,0,0,0,0,0,0,0,0,0,0,0,0,0,0,0,0,0,0,0,2199483,5602266
D7,51,Manatee,2010,5100067,"KENTUCKY FRIED CHICKEN","1420 CORTEZ RD",BRADENTON,342071319,2556649,1,Food,"Routine - Food","Inspection Completed - No Further Action",05/12/2016,,,4,0,0,4,Y,0,0,0,0,0,0,0,1,0,0,0,0,0,1,0,0,0,0,0,0,0,0,0,0,0,0,0,0,0,0,1,0,0,0,0,0,0,0,0,1,0,0,0,0,0,0,0,0,0,0,0,0,0,0,0,0,0,0,2199483,5757293
D7,51,Manatee,2010,5100079,"ROCK INN RESTAURANT","2112 2 AVE E",PALMETTO,34221,2517269,1,Food,"Routine - Food","Inspection Completed - No Further Action",04/01/2016,,,1,0,1,0,Y,0,0,0,0,0,0,0,0,0,0,0,0,0,0,0,1,0,0,0,0,0,0,0,0,0,0,0,0,0,0,0,0,0,0,0,0,0,0,0,0,0,0,0,0,0,0,0,0,0,0,0,0,0,0,0,0,0,0,5291882,5635792
D7,51,Manatee,2010,5100081,"THE BEARDED CLAM WATERFRONT RESTAURANT & TIKI BAR","7150 N TAMIAMI TRL",SARASOTA,34243,2582827,2,Food,"Complaint Full","Call Back - Complied",05/27/2016,,,1,0,0,1,Y,0,0,0,0,0,0,0,0,0,0,0,0,0,0,0,0,0,0,0,0,0,0,0,0,0,0,0,0,0,0,0,0,0,0,0,1,0,0,0,0,0,0,0,0,0,0,0,0,0,0,0,0,0,0,0,0,0,0,6012855,5892120
D7,51,Manatee,2010,5100081,"THE BEARDED CLAM WATERFRONT RESTAURANT & TIKI BAR","7150 N TAMIAMI TRL",SARASOTA,34243,2535010,1,Food,"Routine - Food","Warning Issued",11/16/2015,,,9,4,1,4,Y,1,0,0,0,0,0,0,2,1,0,0,0,0,1,0,0,0,0,0,0,0,0,0,0,0,0,0,0,0,0,0,0,0,0,3,1,0,0,0,0,0,0,0,0,0,0,0,0,0,0,0,0,0,0,0,0,0,0,6012855,5678580
D7,51,Manatee,2010,5100081,"THE BEARDED CLAM WATERFRONT RESTAURANT & TIKI BAR","7150 N TAMIAMI TRL",SARASOTA,34243,2535010,2,Food,"Routine - Food","Call Back - Complied",11/17/2015,,,1,0,0,1,Y,0,0,0,0,0,0,0,0,0,0,0,0,0,1,0,0,0,0,0,0,0,0,0,0,0,0,0,0,0,0,0,0,0,0,0,0,0,0,0,0,0,0,0,0,0,0,0,0,0,0,0,0,0,0,0,0,0,0,6012855,5781182
D7,51,Manatee,2010,5100081,"THE BEARDED CLAM WATERFRONT RESTAURANT & TIKI BAR","7150 N TAMIAMI TRL",SARASOTA,34243,2563352,1,Food,"Routine - Food","Call Back - Complied",05/27/2016,,,0,0,0,0,Y,0,0,0,0,0,0,0,0,0,0,0,0,0,0,0,0,0,0,0,0,0,0,0,0,0,0,0,0,0,0,0,0,0,0,0,0,0,0,0,0,0,0,0,0,0,0,0,0,0,0,0,0,0,0,0,0,0,0,6012855,5781610
D7,51,Manatee,2010,5100081,"THE BEARDED CLAM WATERFRONT RESTAURANT & TIKI BAR","7150 N TAMIAMI TRL",SARASOTA,34243,2582827,1,Food,"Complaint Full","Warning Issued",05/26/2016,,,10,3,1,6,Y,0,0,0,0,0,0,0,1,1,0,0,0,0,0,0,0,0,0,0,0,0,1,0,0,0,0,0,0,0,0,0,0,0,0,3,4,0,0,0,0,0,0,0,0,0,0,0,0,0,0,0,0,0,0,0,0,0,0,6012855,5888789
D7,51,Manatee,2010,5100081,"THE BEARDED CLAM WATERFRONT RESTAURANT & TIKI BAR","7150 N TAMIAMI TRL",SARASOTA,34243,2577657,1,Food,"Complaint Full","Inspection Completed - No Further Action",03/10/2016,,,10,2,1,7,Y,0,0,1,0,0,0,0,0,0,0,0,1,2,1,0,0,0,0,0,0,0,1,3,0,0,0,0,0,0,0,0,0,0,0,0,0,0,0,0,0,1,0,0,0,0,0,0,0,0,0,0,0,0,0,0,0,0,0,6012855,5845482
D7,51,Manatee,2010,5100086,"LINGER LODGE RESTAURANT LLC","7205 LINGER LODGE RD",BRADENTON,34202,2502892,1,Food,"Routine - Food","Inspection Completed - No Further Action",05/19/2016,,,7,2,0,5,Y,0,0,0,0,0,0,0,1,0,0,0,0,0,0,0,0,0,0,0,0,0,0,2,1,0,0,0,0,2,0,0,0,0,0,0,0,0,1,0,0,0,0,0,0,0,0,0,0,0,0,0,0,0,0,0,0,0,0,3148081,5614515
D7,51,Manatee,2010,5100086,"LINGER LODGE RESTAURANT LLC","7205 LINGER LODGE RD",BRADENTON,34202,2577001,1,Food,"Complaint Full","Inspection Completed - No Further Action",03/01/2016,,,10,2,0,8,Y,0,0,0,0,0,0,0,1,0,0,0,1,0,3,0,1,0,0,0,0,0,0,1,0,0,0,0,0,2,0,0,0,0,0,0,0,0,1,0,0,0,0,0,0,0,0,0,0,0,0,0,0,0,0,0,0,0,0,3148081,5840513
D7,51,Manatee,2010,5100091,"SAND BAR (THE)","100 SPRING AVE","ANNA MARIA",342169999,2496265,1,Food,"Routine - Food","Inspection Completed - No Further Action",11/23/2015,,,18,4,7,7,Y,1,2,2,0,0,0,0,2,0,0,0,0,0,1,0,2,0,0,0,0,1,2,0,0,0,0,0,0,0,0,4,0,0,0,0,0,0,0,0,0,1,0,0,0,0,0,0,0,0,0,0,0,0,0,0,0,0,0,2199511,5602269
D7,51,Manatee,2010,5100092,"WOODY'S RIVER ROO PUB & GRILL","5717 E 18TH ST",ELLENTON,34222,2570905,2,Food,"Complaint Full","Call Back - Extension given, pending",01/19/2016,,,4,0,3,1,Y,0,0,0,0,0,0,0,0,0,0,0,0,0,0,0,0,0,0,0,0,0,0,0,1,0,0,0,0,0,0,1,0,0,0,0,0,0,0,0,0,0,0,0,0,0,0,0,0,0,0,1,0,1,0,0,0,0,0,2553000,5812917
D7,51,Manatee,2010,5100092,"WOODY'S RIVER ROO PUB & GRILL","5717 E 18TH ST",ELLENTON,34222,2500941,1,Food,"Routine - Food","Inspection Completed - No Further Action",06/29/2016,,,10,6,3,1,Y,0,0,2,0,0,0,0,1,0,0,0,1,0,1,0,0,0,0,0,0,0,2,0,0,0,0,0,0,1,0,1,0,0,0,1,0,0,0,0,0,0,0,0,0,0,0,0,0,0,0,0,0,0,0,0,0,0,0,2553000,5611154
D7,51,Manatee,2010,5100092,"WOODY'S RIVER ROO PUB & GRILL","5717 E 18TH ST",ELLENTON,34222,2570905,1,Food,"Complaint Full","Warning Issued",01/07/2016,,,16,4,4,8,Y,0,0,2,0,0,0,0,1,0,0,0,2,2,1,0,0,0,0,0,0,1,0,0,1,1,0,0,0,0,0,2,0,0,0,0,0,0,0,0,1,0,0,0,0,0,0,0,0,0,0,1,0,1,0,0,0,0,0,2553000,5806175
D7,51,Manatee,2010,5100094,"PALMETTO PINES GOLF CORPORATION","14355 GOLF COURSE RD",PARRISH,34219,2503327,1,Food,"Routine - Food","Inspection Completed - No Further Action",04/12/2016,,,1,0,0,1,Y,0,0,0,0,0,0,0,0,0,0,0,0,0,0,0,0,0,0,0,0,0,0,1,0,0,0,0,0,0,0,0,0,0,0,0,0,0,0,0,0,0,0,0,0,0,0,0,0,0,0,0,0,0,0,0,0,0,0,3261404,5615410
D7,51,Manatee,2010,5100102,"BEACH HOUSE RESTAURANT","200 N GULF DR","BRADENTON BCH",342172424,2581250,1,Food,"Complaint Full","Inspection Completed - No Further Action",04/28/2016,,,15,5,7,3,Y,0,3,2,0,0,0,0,3,0,0,0,1,0,0,0,1,0,0,0,0,0,1,0,0,0,0,1,0,0,0,1,0,0,0,0,0,0,0,0,0,1,0,0,0,0,0,0,0,0,0,0,0,1,0,0,0,0,0,2199528,5873961
D7,51,Manatee,2010,5100102,"BEACH HOUSE RESTAURANT","200 N GULF DR","BRADENTON BCH",342172424,2534204,1,Food,"Routine - Food","Inspection Completed - No Further Action",11/30/2015,,,7,3,1,3,Y,0,1,3,0,0,0,0,0,0,0,0,0,0,2,0,0,0,0,0,0,0,1,0,0,0,0,0,0,0,0,0,0,0,0,0,0,0,0,0,0,0,0,0,0,0,0,0,0,0,0,0,0,0,0,0,0,0,0,2199528,5677100
D7,51,Manatee,2010,5100102,"BEACH HOUSE RESTAURANT","200 N GULF DR","BRADENTON BCH",342172424,2580004,1,Food,"Complaint Full","Warning Issued",04/11/2016,,,11,2,6,3,Y,1,2,2,0,0,0,0,1,0,0,0,0,1,0,0,0,0,0,0,0,1,0,0,0,0,0,1,0,0,0,2,0,0,0,0,0,0,0,0,0,0,0,0,0,0,0,0,0,0,0,0,0,0,0,0,0,0,0,2199528,5863363
D7,51,Manatee,2010,5100102,"BEACH HOUSE RESTAURANT","200 N GULF DR","BRADENTON BCH",342172424,2580004,2,Food,"Complaint Full","Call Back - Complied",06/14/2016,,,0,0,0,0,Y,0,0,0,0,0,0,0,0,0,0,0,0,0,0,0,0,0,0,0,0,0,0,0,0,0,0,0,0,0,0,0,0,0,0,0,0,0,0,0,0,0,0,0,0,0,0,0,0,0,0,0,0,0,0,0,0,0,0,2199528,5865084
D7,51,Manatee,2010,5100108,"SKINNY'S PLACE","3901 GULF DR","HOLMES BCH",342171912,2534172,1,Food,"Routine - Food","Warning Issued",11/18/2015,,,8,3,0,5,Y,0,0,1,0,0,0,0,1,0,0,0,0,0,1,0,0,0,0,0,0,0,2,0,0,0,0,0,0,1,0,0,0,0,0,0,0,0,0,0,0,1,0,0,0,0,0,0,0,0,0,1,0,0,0,0,0,0,0,2199536,5677013
